1759131092391 0.1774193548387097 1
1759131097048 0.0 2
1759131101785 0.0 3
1759131106538 0.0 4
1759131111753 0.0 5
1759131116872 0.0 6
1759131121922 0.0 7
1759131127121 0.0 8
1759131132099 0.0 9
1759131137520 0.35 10
1759131142905 0.3163265306122449 11
1759131148313 0.4672897196261682 12
1759131153111 0.493993993993994 13
1759131158139 0.46502057613168724 14
1759131163445 0.47368421052631576 15
1759131168881 0.49863387978142076 16
1759131174215 0.45521472392638035 17
1759131179615 0.4697173620457604 18
1759131185057 0.4906832298136646 19
1759131190323 0.47102115915363385 20
1759131195620 0.47309236947791167 21
1759131201265 0.4716636197440585 22
1759131207237 0.4848920863309353 23
1759131212772 0.47463516330785266 24
1759131218293 0.4860742705570292 25
1759131223323 0.47244094488188976 26
1759131228703 0.4723374827109267 27
1759131234782 0.4863349684653118 28
1759131242483 0.5017743080198722 29
1759131250100 0.5087507543753772 30
1759131257593 0.48564593301435405 31
1759131264983 0.5037812681791739 32
1759131272837 0.5153452685421995 33
1759131280697 0.49824150058616645 34
1759131288080 0.4964811260396673 35
1759131295453 0.4975062344139651 36
1759131300452 0.4583068109484405 37
1759131305856 0.4891566265060241 38
1759131311366 0.4664473684210526 39
1759131317270 0.5046728971962616 40
1759131323181 0.5111896348645465 41
1759131329074 0.49612864800476475 42
1759131334994 0.4991624790619765 43
1759131340536 0.5094917330067361 44
1759131346130 0.4731823599523242 45
1759131352142 0.49910873440285203 46
1759131357498 0.47406581148912436 47
1759131362958 0.5047334329845541 48
1759131367876 0.49261083743842365 49
1759131372848 0.504582484725051 50
1759131377964 0.47929936305732485 51
1759131382713 0.5018587360594795 52
1759131387988 0.49563191613278973 53
1759131392783 0.506652474720596 54
1759131397831 0.4964929859719439 55
1759131403056 0.5052576235541535 56
1759131408056 0.4911242603550296 57
1759131412963 0.5024461839530333 58
1759131418174 0.4947589098532495 59
1759131423143 0.5083160083160083 60
1759131427708 0.49435787211176785 61
1759131434231 0.5181451612903226 62
1759131441115 0.5136690647482014 63
1759131448147 0.500998003992016 64
1759131452848 0.5124450951683748 65
1759131458290 0.49974709155285785 66
1759131463778 0.5236071765816809 67
1759131469628 0.5273748245203557 68
1759131474950 0.5311284046692607 69
1759131480077 0.5134370579915134 70
1759131485174 0.5127100387763894 71
1759131490460 0.531970421922575 72
1759131495824 0.5271621034332898 73
1759131501183 0.5158552925413131 74
1759131507136 0.5094009619588982 75
1759131512414 0.5177528089887641 76
1759131517527 0.5173833485818847 77
1759131523094 0.5272975432211101 78
1759131528267 0.5221739130434783 79
1759131533178 0.5153643546971027 80
1759131538308 0.5185356811862836 81
1759131543458 0.526410835214447 82
1759131549363 0.5213713268032057 83
1759131554532 0.518001800180018 84
1759131559806 0.5178492728074041 85
1759131565308 0.5227174383383817 86
1759131570903 0.5419847328244275 87
1759131575821 0.5386333184457347 88
1759131581504 0.5290671473636773 89
1759131586335 0.5324036095159967 90
1759131591618 0.5463829787234042 91
1759131597089 0.5269262634631318 92
1759131602347 0.5110925073252407 93
1759131608320 0.5391451544646636 94
1759131613187 0.5274725274725275 95
1759131618314 0.5317180616740088 96
1759131623293 0.5427509293680297 97
1759131628323 0.5325116872078198 98
1759131633301 0.5319767441860465 99
