1759131092308 0.4720091108839339 1
1759131096965 0.46710582879451623 2
1759131101701 0.4661206060192842 3
1759131106451 0.46600482948021593 4
1759131111670 0.46588652604966396 5
1759131116789 0.4657855001796575 6
1759131121840 0.46516672242861223 7
1759131127028 0.4646814690890834 8
1759131132013 0.46422394866118655 9
1759131137435 0.46329198211513756 10
1759131142818 0.46290040929161747 11
1759131148225 0.46235223118603064 12
1759131153024 0.46191126842946223 13
1759131158052 0.46204235938676697 14
1759131163357 0.46170237410912957 15
1759131168792 0.4615453276320565 16
1759131174127 0.4613515520819635 17
1759131179529 0.46119490858054313 18
1759131184970 0.4606392976880183 19
1759131190233 0.46027280306640633 20
1759131195531 0.45993343127245406 21
1759131201172 0.45954666284650647 22
1759131207146 0.45916550523552635 23
1759131212682 0.45897836444459056 24
1759131218201 0.45862373589043676 25
1759131223232 0.45869679887468046 26
1759131228607 0.45863450500212793 27
1759131234686 0.458519112603206 28
1759131242383 0.4584121413206769 29
1759131249998 0.45803653020428864 30
1759131257496 0.45797140220490307 31
1759131264884 0.457711097068927 32
1759131272737 0.4579106714874643 33
1759131280598 0.4576884137454555 34
1759131287982 0.45749266608768135 35
1759131295354 0.4574300896002814 36
1759131300351 0.4571877367856202 37
1759131305748 0.45710963759273154 38
1759131311261 0.4570846206404906 39
1759131317168 0.4568849210631661 40
1759131323081 0.4565411657232041 41
1759131328977 0.45657778043975056 42
1759131334898 0.45621980108464655 43
1759131340439 0.45630494445534947 44
1759131346031 0.4562060168662418 45
1759131352039 0.4558713486299892 46
1759131357395 0.455921041822916 47
1759131362853 0.45551502792354887 48
1759131367778 0.4556726270458955 49
1759131372745 0.4553342365900529 50
1759131377856 0.4553819550432628 51
1759131382613 0.45530394544926056 52
1759131387885 0.4552191845736815 53
1759131392680 0.4549456012007723 54
1759131397731 0.45489309959819585 55
1759131402956 0.45491102321386995 56
1759131407951 0.45459152987053775 57
1759131412863 0.45446261944525157 58
1759131418076 0.45464361086830485 59
1759131423038 0.4543266639099718 60
1759131427605 0.4543462910285869 61
1759131434130 0.45413454588444385 62
1759131441013 0.45379540305019195 63
1759131448047 0.4538851948429273 64
1759131452740 0.453883039205581 65
1759131458190 0.4533207582681686 66
1759131463680 0.4534030965741008 67
1759131469527 0.4534285115943442 68
1759131474844 0.4533777755943042 69
1759131479973 0.45308479485757436 70
1759131485068 0.45301583209165 71
1759131490349 0.4527430715041086 72
1759131495720 0.4527828421138686 73
1759131501074 0.4527620564333978 74
1759131507031 0.45283565007444904 75
1759131512307 0.4522840031375552 76
1759131517424 0.4522311459633881 77
1759131522990 0.45215978491931413 78
1759131528140 0.45181728256549325 79
1759131533068 0.45199825778507596 80
1759131538202 0.45191426340768176 81
1759131543352 0.45171138438590647 82
1759131549260 0.4518804014716109 83
1759131554425 0.451891975547594 84
1759131559701 0.4514925745560033 85
1759131565201 0.4513725244132553 86
1759131570797 0.45126215736583053 87
1759131575716 0.45127401394699296 88
1759131581398 0.4511982949644245 89
1759131586231 0.45140186796631415 90
1759131591511 0.4512015899442815 91
1759131596988 0.45117059012784144 92
1759131602241 0.45093556468159973 93
1759131608207 0.4510802976725402 94
1759131613076 0.45097473047145925 95
1759131618207 0.45107603580335354 96
1759131623179 0.45118957130099613 97
1759131628213 0.45077972288184354 98
1759131633195 0.4510549375137936 99
