1759131092422 0.00044499281943405003 1
1759131097080 0.0 2
1759131101817 0.0 3
1759131106570 0.0 4
1759131111785 0.0 5
1759131116905 0.0 6
1759131121954 0.0 7
1759131127155 0.0 8
1759131132132 0.0 9
1759131137552 0.00028341802133732813 10
1759131142937 0.0012531581606872156 11
1759131148347 0.00403298985703051 12
1759131153144 0.013148692124772694 13
1759131158171 0.01353131361513591 14
1759131163478 0.013298722044728435 15
1759131168917 0.01456824123410964 16
1759131174249 0.014783232387631497 17
1759131179649 0.01392657621707901 18
1759131185093 0.01883082057088374 19
1759131190357 0.020291693088142042 20
1759131195656 0.023270514795938526 21
1759131201302 0.020447385627389982 22
1759131207273 0.02655268186026356 23
1759131212808 0.026881297229219142 24
1759131218330 0.028810061904293992 25
1759131223364 0.02599755780517588 26
1759131228741 0.026877594789760543 27
1759131234818 0.027320683410755057 28
1759131242519 0.02784231874926161 29
1759131250138 0.03303679899674726 30
1759131257630 0.031812572234519776 31
1759131265020 0.033896978237044 32
1759131272876 0.031644451424196626 33
1759131280735 0.033279173110428134 34
1759131288125 0.03046721633294071 35
1759131295496 0.031305780584923795 36
1759131300491 0.02826411242835833 37
1759131305896 0.03182005211905088 38
1759131311407 0.02786018822327446 39
1759131317310 0.031775920913263506 40
1759131323218 0.033989231522271166 41
1759131329114 0.03263083672829834 42
1759131335033 0.0349437148217636 43
1759131340576 0.03262105469515781 44
1759131346167 0.0311037116834786 45
1759131352183 0.03290246768507638 46
1759131357538 0.03322259136212625 47
1759131362999 0.039428615911567794 48
1759131367917 0.035153503632528706 49
1759131372886 0.03860462398472956 50
1759131378003 0.035231462515362556 51
1759131382751 0.03687085446742099 52
1759131388028 0.03331115199436333 53
1759131392819 0.03714687061027002 54
1759131397877 0.03858057734607674 55
1759131403095 0.03748123013319292 56
1759131408099 0.035639003825435236 57
1759131413002 0.03994476964664242 58
1759131418213 0.03681388320171589 59
1759131423187 0.03812791173661332 60
1759131427747 0.035910847417932004 61
1759131434270 0.04003037324039641 62
1759131441155 0.0416229450856943 63
1759131448185 0.039080593993888794 64
1759131452893 0.04083537510208844 65
1759131458333 0.038478015344471705 66
1759131463817 0.04307214292649772 67
1759131469671 0.04375509570213922 68
1759131474989 0.04246301012968328 69
1759131480117 0.042292904578818596 70
1759131485211 0.04603659716043174 71
1759131490500 0.04733338493691463 72
1759131495863 0.04694454119741476 73
1759131501224 0.04475356478611283 74
1759131507178 0.045099101889129765 75
1759131512455 0.04464943219255067 76
1759131517567 0.04386866551597075 77
1759131523136 0.04494425593795443 78
1759131528311 0.046481026375370084 79
1759131533221 0.04545542541864291 80
1759131538349 0.04342679732220821 81
1759131543499 0.04520080632656225 82
1759131549404 0.045367375007264205 83
1759131554571 0.044613267698986415 84
1759131559848 0.04550207179646052 85
1759131565348 0.04674199040396223 86
1759131570946 0.049405624818788046 87
1759131575866 0.04672969621822691 88
1759131581547 0.04550740367470346 89
1759131586378 0.050101322011000676 90
1759131591659 0.0496452529626694 91
1759131597131 0.04912050356239501 92
1759131602389 0.04717382065448364 93
1759131608369 0.04924623115577889 94
1759131613228 0.050005787706910526 95
1759131618356 0.04674037214165392 96
1759131623337 0.050735549635121044 97
1759131628367 0.048443843031123146 98
1759131633346 0.049473785845322006 99
