1759136266938 0.42024525455448397 1
1759136270921 0.3318328376791385 2
1759136275280 0.32218250011778843 3
1759136279180 0.320046349182576 4
1759136283386 0.3193043217771821 5
1759136287694 0.3186697003252252 6
1759136291803 0.31817663834120735 7
1759136295815 0.3177081274855317 8
1759136300309 0.3173077421171643 9
1759136304300 0.3168938259122784 10
1759136308520 0.3163007984337331 11
1759136312598 0.31582074091592677 12
1759136316812 0.3155642125163885 13
1759136321084 0.31489912828662153 14
1759136325020 0.3147196735841625 15
1759136328881 0.31417610571457166 16
1759136333111 0.3135091580470876 17
1759136337216 0.3130848537719018 18
1759136341287 0.3126364052616582 19
1759136345239 0.31224478790722165 20
1759136349080 0.3118955846770262 21
1759136353277 0.31147943981232584 22
1759136357330 0.31130353047902165 23
1759136361276 0.3110837434340529 24
1759136365461 0.3105723652484781 25
1759136369585 0.31013373718423687 26
