1759136267002 0.007837657208821921 1
1759136270995 0.17396763675395427 2
1759136275348 0.46479129959292786 3
1759136279248 0.47240618101545256 4
1759136283456 0.47060372238086556 5
1759136287766 0.4606193166859064 6
1759136291872 0.45302468760759057 7
1759136295882 0.4475363023269944 8
1759136300380 0.4443971889746238 9
1759136304371 0.44048848654231726 10
1759136308594 0.43986066387184314 11
1759136312674 0.4380784575814651 12
1759136316885 0.43836199040038887 13
1759136321157 0.44036697247706424 14
1759136325090 0.4410150474917472 15
1759136328960 0.44283775847054296 16
1759136333183 0.4445794600725034 17
1759136337286 0.4475160499827855 18
1759136341358 0.4485691718816453 19
1759136345313 0.45022986410677035 20
1759136349151 0.4502501164509792 21
1759136353350 0.45766247443141544 22
1759136357404 0.45622455799258765 23
1759136361350 0.4562043056483788 24
1759136365533 0.4621584948457784 25
1759136369656 0.4607610830953683 26
