1759136267016 0.015004361733061935 1
1759136271012 0.27523670677197654 2
1759136275364 0.5339506531879994 3
1759136279266 0.5376140868442888 4
1759136283473 0.5376135114812887 5
1759136287784 0.5334334029129629 6
1759136291889 0.528905492634715 7
1759136295898 0.5266130473637176 8
1759136300398 0.5248517030233449 9
1759136304388 0.5237114891465308 10
1759136308612 0.5250320303623661 11
1759136312692 0.5242353739518201 12
1759136316902 0.525223848001747 13
1759136321176 0.5280361349231405 14
1759136325108 0.5279286268425136 15
1759136328980 0.5298921604265115 16
1759136333200 0.5316284025961445 17
1759136337305 0.5341826620896388 18
1759136341376 0.5343804284887088 19
1759136345332 0.5358868975159397 20
1759136349170 0.5355946903081259 21
1759136353370 0.5412824259263694 22
1759136357422 0.5404750479846449 23
1759136361370 0.5395578337205682 24
1759136365550 0.5442274212396556 25
1759136369674 0.5440154947932234 26
