1759136266970 0.8173429147629028 1
1759136270958 0.8373733270543575 2
1759136275314 0.8559801852777189 3
1759136279214 0.8557609004338964 4
1759136283419 0.8563109099602052 5
1759136287733 0.8569759541586831 6
1759136291838 0.8567530744813554 7
1759136295848 0.8571808596684845 8
1759136300343 0.8571772648349791 9
1759136304336 0.8577847916973725 10
1759136308558 0.8587374225762734 11
1759136312636 0.8588596469154531 12
1759136316849 0.8593269752711403 13
1759136321121 0.8602688216495253 14
1759136325056 0.8600028039701342 15
1759136328921 0.8605276496619059 16
1759136333147 0.8609518400155297 17
1759136337252 0.8614623063732804 18
1759136341323 0.8612466163629632 19
1759136345275 0.8615737462119442 20
1759136349116 0.8614047890371958 21
1759136353314 0.8623106870805278 22
1759136357366 0.8622963077465067 23
1759136361313 0.8617930310557667 24
1759136365499 0.8625982737609508 25
1759136369620 0.8628966449418896 26
