1759136266905 0.5329905229018015 1
1759136270885 0.35760813611833486 2
1759136275245 0.33421833780320254 3
1759136279145 0.32895922901875835 4
1759136283350 0.3271739823634134 5
1759136287659 0.3253851874786265 6
1759136291766 0.3240876993273987 7
1759136295780 0.32266932868343945 8
1759136300273 0.32177352116388436 9
1759136304263 0.32066789214663644 10
1759136308482 0.3195347976596916 11
1759136312560 0.31814109643592553 12
1759136316772 0.31735637258080873 13
1759136321047 0.3160885611877722 14
1759136324983 0.3154585615676992 15
1759136328841 0.31444784889326377 16
1759136333068 0.3129079289296094 17
1759136337176 0.31186248373021097 18
1759136341249 0.3111252211691702 19
1759136345202 0.3101337131331949 20
1759136349044 0.309018797295935 21
1759136353238 0.30833797321161804 22
1759136357292 0.3077614218654001 23
1759136361238 0.3071560146396651 24
1759136365422 0.30564645458670225 25
1759136369548 0.3049201725379509 26
