1759136266953 0.3722905218601227 1
1759136270941 0.22805985808372498 2
1759136275296 0.2129354476928711 3
1759136279196 0.2089853435754776 4
1759136283402 0.2078341543674469 5
1759136287712 0.20681285858154297 6
1759136291822 0.20618991553783417 7
1759136295832 0.20541492104530334 8
1759136300326 0.20507797598838806 9
1759136304317 0.20445945858955383 10
1759136308539 0.20379768311977386 11
1759136312618 0.2031850665807724 12
1759136316830 0.20285603404045105 13
1759136321102 0.2019931524991989 14
1759136325038 0.20192527770996094 15
1759136328900 0.20112770795822144 16
1759136333129 0.20032933354377747 17
1759136337234 0.1998225450515747 18
1759136341305 0.19936437904834747 19
1759136345258 0.198832169175148 20
1759136349098 0.1983262449502945 21
1759136353296 0.1980573683977127 22
1759136357350 0.19766731560230255 23
1759136361295 0.19733262062072754 24
1759136365480 0.19671735167503357 25
1759136369602 0.19633860886096954 26
