1759136266986 0.17527173913043478 1
1759136270978 0.658641312682104 2
1759136275330 0.6272891269884655 3
1759136279231 0.6237065162170111 4
1759136283438 0.6268749325563828 5
1759136287750 0.6335905507424019 6
1759136291854 0.6353205146411429 7
1759136295865 0.6396318166029872 8
1759136300361 0.6408773620724905 9
1759136304353 0.6457071606697542 10
1759136308576 0.6511077135233984 11
1759136312656 0.6525779105198057 12
1759136316867 0.655015887426237 13
1759136321140 0.6592886813619963 14
1759136325072 0.6575077749932063 15
1759136328940 0.6595481555213706 16
1759136333165 0.6610654380100581 17
1759136337268 0.6624793883975416 18
1759136341341 0.6607894030251499 19
1759136345292 0.6617944748749702 20
1759136349132 0.6608602598020273 21
1759136353330 0.662290085284722 22
1759136357384 0.6628902686637437 23
1759136361332 0.6601799478327129 24
1759136365516 0.6617369870958387 25
1759136369638 0.6639913611954238 26
