1759134674554 0.48581814765930176 1
1759134678893 0.457989364862442 2
1759134683561 0.4276812970638275 3
1759134688069 0.39805859327316284 4
1759134693226 0.3723560571670532 5
1759134697960 0.35102295875549316 6
1759134702742 0.3336806893348694 7
1759134707516 0.319571316242218 8
1759134712492 0.3078768849372864 9
1759134717071 0.29788699746131897 10
1759134721701 0.2897278964519501 11
1759134726529 0.28268638253211975 12
1759134730997 0.2768969237804413 13
1759134736076 0.2719394266605377 14
1759134740656 0.26822319626808167 15
1759134745959 0.2653365433216095 16
1759134750850 0.26322710514068604 17
1759134755674 0.26145967841148376 18
1759134759897 0.26000791788101196 19
1759134766234 0.2590017020702362 20
1759134773910 0.25805288553237915 21
1759134780366 0.25748082995414734 22
1759134784591 0.25668957829475403 23
1759134789441 0.2563248872756958 24
1759134794106 0.2557623088359833 25
1759134798990 0.25527647137641907 26
1759134803866 0.25502854585647583 27
1759134808900 0.2545900046825409 28
1759134813932 0.2544248402118683 29
1759134819092 0.2542247176170349 30
1759134824314 0.253939688205719 31
1759134829151 0.25384387373924255 32
1759134834099 0.25377774238586426 33
1759134839155 0.25336891412734985 34
1759134844031 0.25325819849967957 35
1759134848937 0.25298574566841125 36
1759134853854 0.2529148459434509 37
1759134859574 0.2527516484260559 38
1759134864913 0.25265949964523315 39
1759134869966 0.2525898516178131 40
1759134874890 0.25256648659706116 41
1759134879903 0.2524908185005188 42
1759134884563 0.2522553503513336 43
1759134889653 0.2523656189441681 44
1759134894301 0.25216859579086304 45
1759134899154 0.25210556387901306 46
1759134903887 0.2519661486148834 47
1759134908709 0.2519361972808838 48
1759134913367 0.2519231140613556 49
1759134918064 0.2518460750579834 50
1759134922854 0.25181668996810913 51
1759134927804 0.25180819630622864 52
1759134932669 0.2517635226249695 53
1759134937449 0.25169822573661804 54
1759134942088 0.2516607940196991 55
1759134947746 0.25163018703460693 56
1759134952626 0.2515731453895569 57
1759134957117 0.2515850365161896 58
1759134961826 0.25151684880256653 59
1759134966433 0.2514837980270386 60
1759134971389 0.2514648735523224 61
1759134976846 0.25142812728881836 62
1759134982355 0.2514413595199585 63
1759134986973 0.2514318525791168 64
1759134991633 0.2513987123966217 65
1759134996678 0.2513750493526459 66
1759135001216 0.25126755237579346 67
1759135005756 0.25131499767303467 68
1759135010826 0.2511593699455261 69
1759135015522 0.251295804977417 70
1759135020135 0.25119632482528687 71
1759135024705 0.25123122334480286 72
1759135029596 0.2511437237262726 73
1759135034233 0.25121864676475525 74
1759135039009 0.2510374188423157 75
1759135043720 0.2511850595474243 76
1759135048144 0.2511132061481476 77
1759135052900 0.2509966492652893 78
1759135057482 0.2510862648487091 79
1759135062581 0.25108352303504944 80
1759135067178 0.2511180639266968 81
1759135072017 0.25107601284980774 82
1759135076580 0.2510347068309784 83
1759135081340 0.25098752975463867 84
1759135086404 0.25105851888656616 85
1759135092089 0.2510405480861664 86
1759135096570 0.2510315775871277 87
1759135101762 0.2509534955024719 88
1759135106603 0.25099948048591614 89
1759135111546 0.2510446012020111 90
1759135116991 0.2510024607181549 91
1759135122269 0.2509983479976654 92
1759135126923 0.25093787908554077 93
1759135131747 0.25098007917404175 94
1759135136856 0.2510000467300415 95
1759135141554 0.2509809136390686 96
1759135146668 0.2510331869125366 97
1759135151248 0.25100594758987427 98
1759135156310 0.25101199746131897 99
1759135161094 0.2509823441505432 100
