1759134674585 0.20681996341782075 1
1759134678930 0.0 2
1759134683593 0.8378378378378378 3
1759134688104 0.8606271777003485 4
1759134693263 0.8395124428643982 5
1759134697995 0.8288945640277271 6
1759134702778 0.828750747160789 7
1759134707554 0.8263964950711938 8
1759134712531 0.8248232521602514 9
1759134717108 0.8315683308119012 10
1759134721738 0.8329232283464567 11
1759134726564 0.8313811615422158 12
1759134731032 0.8325088339222615 13
1759134736111 0.8310179913459349 14
1759134740693 0.8288049480892423 15
1759134745994 0.8251763197264372 16
1759134750886 0.8287881894607341 17
1759134755710 0.8225869480265728 18
1759134759936 0.8234961342636243 19
1759134766271 0.8204619271021292 20
1759134773946 0.8160858852516719 21
1759134780402 0.8150033944331296 22
1759134784628 0.8157186132615281 23
1759134789476 0.8115174582161179 24
1759134794140 0.8146103896103896 25
1759134799026 0.8117999684492823 26
1759134803902 0.8106213985360535 27
1759134808939 0.8115942028985508 28
1759134813973 0.8129496402877698 29
1759134819129 0.8095886267392619 30
1759134824352 0.8134022185078256 31
1759134829189 0.8091878096381925 32
1759134834138 0.8091511137868754 33
1759134839197 0.8123336291038155 34
1759134844068 0.8120745782775969 35
1759134848975 0.8123896409652737 36
1759134853889 0.8142564402810304 37
1759134859613 0.811427740622274 38
1759134864950 0.8105369807497467 39
1759134870006 0.8102126428468104 40
1759134874926 0.8108186288689615 41
1759134879940 0.8088618592528236 42
1759134884600 0.8109896432681243 43
1759134889692 0.8102116704805492 44
1759134894343 0.8098168288494562 45
1759134899194 0.8097057159026598 46
1759134903926 0.8125623130608175 47
1759134908751 0.8075466404825361 48
1759134913409 0.8101445168603004 49
1759134918103 0.8122616188727222 50
1759134922893 0.8076212142755581 51
1759134927844 0.8074692318574056 52
1759134932708 0.8115819209039548 53
1759134937492 0.8109178334040447 54
1759134942126 0.8082077051926299 55
1759134947785 0.8087964927167303 56
1759134952667 0.8079842563958392 57
1759134957156 0.8113074204946996 58
1759134961864 0.8110047846889952 59
1759134966476 0.8115212527964206 60
1759134971428 0.8075789473684211 61
1759134976886 0.8082249265631557 62
1759134982396 0.8087948789312552 63
1759134987014 0.8083798882681564 64
1759134991673 0.8081411503195332 65
1759134996722 0.8101495875856284 66
1759135001261 0.8098434004474273 67
1759135005798 0.8107541899441341 68
1759135010868 0.8077346545554638 69
1759135015564 0.8076225045372051 70
1759135020176 0.8112867443150305 71
1759135024744 0.8092014368610113 72
1759135029637 0.8094444444444444 73
1759135034272 0.8088012139605463 74
1759135039050 0.808341336260118 75
1759135043763 0.8072239136451702 76
1759135048184 0.8085663131800027 77
1759135052944 0.8096680897947941 78
1759135057523 0.8106353591160221 79
1759135062622 0.8117860128169406 80
1759135067221 0.8072489931953896 81
1759135072056 0.8081451724615598 82
1759135076620 0.8101967303962316 83
1759135081380 0.8081683168316832 84
1759135086445 0.8081267217630854 85
1759135092130 0.8094579646017699 86
1759135096612 0.8093530142088564 87
1759135101803 0.8097399917457697 88
1759135106644 0.8088194636439038 89
1759135111589 0.8068746548868029 90
1759135117032 0.8085194375516956 91
1759135122313 0.8106344578647786 92
1759135126964 0.8108482081084821 93
1759135131787 0.8088275862068965 94
1759135136898 0.8101441241685144 95
1759135141595 0.8082587749483826 96
1759135146709 0.8074903261470425 97
1759135151289 0.8082078209202709 98
1759135156350 0.8088154269972452 99
1759135161136 0.8100027555800496 100
