1759134674502 0.6659768278596592 1
1759134678838 0.6168849871810028 2
1759134683508 0.5690717121385717 3
1759134688018 0.5270029424579186 4
1759134693172 0.4940473535736438 5
1759134697906 0.4690988948560134 6
1759134702691 0.4506365382133982 7
1759134707463 0.436922817407887 8
1759134712439 0.4266261626189196 9
1759134717011 0.41863273976588317 10
1759134721644 0.4125816884562853 11
1759134726474 0.40794250064742815 12
1759134730942 0.40409828981567986 13
1759134736018 0.401021786397383 14
1759134740600 0.398708221664534 15
1759134745906 0.39678673368039874 16
1759134750796 0.3949263762912294 17
1759134755617 0.39327690956673717 18
1759134759842 0.3919308943658546 19
1759134766175 0.3904505741903293 20
1759134773855 0.3895193851915323 21
1759134780305 0.38889940300992354 22
1759134784537 0.387845281295636 23
1759134789385 0.38731282080327467 24
1759134794046 0.3865253033995519 25
1759134798936 0.385922103763833 26
1759134803808 0.3854018018239117 27
1759134808842 0.3849238875872955 28
1759134813873 0.3845367546243852 29
1759134819033 0.3842168966344221 30
1759134824252 0.383914407887586 31
1759134829092 0.38356491629969885 32
1759134834041 0.38357221849927575 33
1759134839096 0.3829557491259062 34
1759134843973 0.3826703748630622 35
1759134848878 0.38231850720482785 36
1759134853798 0.3821199391835747 37
1759134859515 0.38186253065786563 38
1759134864858 0.3817484976231997 39
1759134869907 0.38166547087539526 40
1759134874829 0.38146877491704456 41
1759134879842 0.38149460034295846 42
1759134884503 0.3810409319543356 43
1759134889591 0.3810979746412332 44
1759134894240 0.3810092639297987 45
1759134899093 0.38064357786411085 46
1759134903826 0.3805274532657209 47
1759134908646 0.3804014112111507 48
1759134913308 0.38058313878172567 49
1759134918000 0.38033073885570234 50
1759134922794 0.3804573733925052 51
1759134927742 0.3801921918069757 52
1759134932609 0.380018044856018 53
1759134937390 0.38008806479558443 54
1759134942027 0.3798058749945096 55
1759134947683 0.3800707203922956 56
1759134952568 0.3797566949389018 57
1759134957057 0.3797572044023375 58
1759134961765 0.3796693229741094 59
1759134966368 0.3794444135108341 60
1759134971326 0.379603786433412 61
1759134976789 0.37947739821129584 62
1759134982291 0.3795221510181322 63
1759134986909 0.37951461059189545 64
1759134991573 0.3793456435971229 65
1759134996612 0.37942180492621336 66
1759135001156 0.37912626069625144 67
1759135005696 0.3792301726483816 68
1759135010763 0.3789108634653065 69
1759135015459 0.37920016371118115 70
1759135020072 0.37903484260695947 71
1759135024638 0.37906412425234215 72
1759135029529 0.3788652503665917 73
1759135034173 0.3790697846921519 74
1759135038946 0.37862183854134673 75
1759135043658 0.3790397362744139 76
1759135048084 0.37886127407329284 77
1759135052838 0.3785224105090095 78
1759135057415 0.3787975133342708 79
1759135062514 0.37888899900656614 80
1759135067113 0.3789022006128727 81
1759135071954 0.37879683495445216 82
1759135076518 0.37873402317401567 83
1759135081276 0.3785660291277386 84
1759135086341 0.378732357698509 85
1759135092027 0.3787271676528531 86
1759135096506 0.3787536673460296 87
1759135101701 0.37849521551970067 88
1759135106540 0.37862398436339273 89
1759135111478 0.3787945796561658 90
1759135116926 0.3786540396353907 91
1759135122206 0.37869920391716205 92
1759135126857 0.37856838288061534 93
1759135131685 0.3786210701788031 94
1759135136790 0.37869143721809495 95
1759135141491 0.3786213553160182 96
1759135146602 0.378748973411711 97
1759135151182 0.37873278863954235 98
1759135156244 0.37867468666789067 99
1759135161027 0.3785878759573223 100
