1759134674537 0.48624825491996587 1
1759134678876 0.4605521676598231 2
1759134683544 0.4347691798857397 3
1759134688053 0.41184108371625566 4
1759134693208 0.3940614981944867 5
1759134697942 0.380938379945435 6
1759134702725 0.3715384178281963 7
1759134707500 0.36485968969515387 8
1759134712475 0.3600862761932467 9
1759134717051 0.3565263629892359 10
1759134721681 0.35402202691364654 11
1759134726511 0.35225459956556465 12
1759134730978 0.3507812296096354 13
1759134736058 0.34966431084891747 14
1759134740637 0.34887093070980674 15
1759134745941 0.34815259926798237 16
1759134750834 0.34734663946242916 17
1759134755656 0.3466044492073617 18
1759134759879 0.3460273515372654 19
1759134766216 0.3452803726268002 20
1759134773892 0.34489779231671963 21
1759134780345 0.34459070873362746 22
1759134784574 0.3441057206984266 23
1759134789424 0.3438583983390425 24
1759134794086 0.3434569128067207 25
1759134798972 0.34317113079853057 26
1759134803846 0.3428959749733991 27
1759134808881 0.3426781002823944 28
1759134813913 0.342456257891389 29
1759134819072 0.3423410171441496 30
1759134824293 0.34220555532191704 31
1759134829131 0.34202965575256616 32
1759134834081 0.3420647906277765 33
1759134839136 0.3417335233560446 34
1759134844011 0.3415749619663242 35
1759134848920 0.3414043024911045 36
1759134853837 0.3413003530312441 37
1759134859556 0.34117285303561357 38
1759134864895 0.34112508967962096 39
1759134869947 0.3410832175333768 40
1759134874869 0.34098576898958066 41
1759134879884 0.34103811786314464 42
1759134884544 0.3407759760571401 43
1759134889633 0.34081867294135765 44
1759134894282 0.3407789057633945 45
1759134899132 0.34056733369468545 46
1759134903867 0.34052389420473395 47
1759134908688 0.34046601732478254 48
1759134913348 0.34058194719565615 49
1759134918042 0.3404065984970882 50
1759134922834 0.3405493831695305 51
1759134927786 0.3403986642591669 52
1759134932648 0.3402721620548269 53
1759134937430 0.3403344831556225 54
1759134942068 0.34018153361678183 55
1759134947728 0.3403278826730257 56
1759134952606 0.34019304280668794 57
1759134957097 0.3401578679219337 58
1759134961807 0.3401227879744957 59
1759134966412 0.33998187316579914 60
1759134971366 0.3401093705535214 61
1759134976828 0.3400356036190517 62
1759134982333 0.3400719632747958 63
1759134986953 0.3400482023129358 64
1759134991614 0.33998055828481416 65
1759134996654 0.3399945067214378 66
1759135001197 0.3398573642503041 67
1759135005737 0.3399161996019139 68
1759135010806 0.339729772287 69
1759135015502 0.33990972251272156 70
1759135020113 0.3398081114048661 71
1759135024682 0.33981205803437403 72
1759135029574 0.3397196839219472 73
1759135034214 0.3398398914337344 74
1759135038988 0.33957985245299455 75
1759135043699 0.3398397927766362 76
1759135048125 0.3397150672984588 77
1759135052880 0.3395316016787425 78
1759135057461 0.33968787071327117 79
1759135062558 0.33974095686329275 80
1759135067158 0.3397651340273189 81
1759135071996 0.3397084547807082 82
1759135076559 0.3396559338787088 83
1759135081319 0.3395625847736143 84
1759135086382 0.33968194858748924 85
1759135092070 0.3396568661434191 86
1759135096549 0.33968671919689963 87
1759135101742 0.33951785367053133 88
1759135106581 0.3396221622352697 89
1759135111521 0.33971632837761134 90
1759135116971 0.3396433535387865 91
1759135122250 0.3396648506116626 92
1759135126904 0.33957529975110057 93
1759135131726 0.3396098000308989 94
1759135136832 0.33965001119607735 95
1759135141534 0.3396118732270118 96
1759135146646 0.3397004055389665 97
1759135151226 0.33967140914159977 98
1759135156288 0.33964339741174937 99
1759135161072 0.3395740820301272 100
