1759134674616 0.05551366800512002 1
1759134678964 0.0 2
1759134683627 0.0025075327091464276 3
1759134688139 0.02949958198972889 4
1759134693297 0.06438670977291316 5
1759134698028 0.0871867684868951 6
1759134702814 0.10519128274187736 7
1759134707586 0.11382451111655888 8
1759134712568 0.11842995713963456 9
1759134717144 0.12365258796843072 10
1759134721774 0.12668176119458843 11
1759134726602 0.1274240299205236 12
1759134731066 0.13181156987803513 13
1759134736148 0.13573128998660913 14
1759134740728 0.13921044820421488 15
1759134746029 0.14285185733313602 16
1759134750922 0.14900283850038706 17
1759134755748 0.1545095880355996 18
1759134759977 0.1597293343087052 19
1759134766307 0.16558932245670896 20
1759134773982 0.16843749432427033 21
1759134780439 0.1737682968752827 22
1759134784666 0.1752381641027495 23
1759134789514 0.1769758210032479 24
1759134794175 0.1807083565911014 25
1759134799061 0.18472252135831718 26
1759134803938 0.1865658267321409 27
1759134808974 0.18668674050973222 28
1759134814009 0.1899839027007691 29
1759134819167 0.19121613174016325 30
1759134824391 0.1913220629758033 31
1759134829229 0.19236946357828616 32
1759134834175 0.1919280269898788 33
1759134839236 0.19569283385881472 34
1759134844109 0.19552863632314954 35
1759134849017 0.19657130649956386 36
1759134853925 0.1979398316995499 37
1759134859649 0.19841791840725267 38
1759134864989 0.19898376150374872 39
1759134870044 0.1990051518919879 40
1759134874964 0.19917926489136806 41
1759134879980 0.1984968818293268 42
1759134884636 0.2001810790179126 43
1759134889750 0.20099700189820646 44
1759134894384 0.20079836778142465 45
1759134899234 0.20278146868633184 46
1759134903965 0.2023121387283237 47
1759134908790 0.20376597175521183 48
1759134913448 0.2026402055462036 49
1759134918142 0.20369845543432052 50
1759134922931 0.2013827335578798 51
1759134927887 0.2022463947843957 52
1759134932748 0.2035531466425775 53
1759134937530 0.20316043083900226 54
1759134942168 0.20480713110839924 55
1759134947823 0.20262896825396826 56
1759134952706 0.20350144270768794 57
1759134957196 0.20335860554099056 58
1759134961903 0.20406139900501036 59
1759134966516 0.20534592863839798 60
1759134971467 0.2036742062227886 61
1759134976924 0.20443689629551004 62
1759134982437 0.20550536569842479 63
1759134987056 0.20475087111095389 64
1759134991714 0.20563853292090145 65
1759134996764 0.20502388112506634 66
1759135001302 0.2049213677935219 67
1759135005836 0.20535224720094805 68
1759135010909 0.2072277245202408 69
1759135015604 0.20463388751326492 70
1759135020218 0.20678930534202764 71
1759135024785 0.20690629691777798 72
1759135029677 0.20602011418067415 73
1759135034312 0.20707802069720624 74
1759135039088 0.20795538771044367 75
1759135043804 0.20610215006271754 76
1759135048227 0.20731664253681276 77
1759135052984 0.20759913838765492 78
1759135057564 0.20732288888496386 79
1759135062664 0.20606489258244184 80
1759135067263 0.20548623139736294 81
1759135072095 0.20616297971588096 82
1759135076661 0.20666136584503933 83
1759135081424 0.20748821691468516 84
1759135086487 0.20717905256281233 85
1759135092172 0.20682223674680705 86
1759135096657 0.20721929855543392 87
1759135101844 0.20781696854146806 88
1759135106683 0.20670894349154761 89
1759135111629 0.20646050052100812 90
1759135117072 0.2071303702918896 91
1759135122354 0.20639802050194417 92
1759135127006 0.20705250512331286 93
1759135131830 0.2071096826602151 94
1759135136941 0.20659798915060168 95
1759135141636 0.20733731153560964 96
1759135146758 0.20641902036634693 97
1759135151330 0.2066273359946303 98
1759135156394 0.20735561558698376 99
1759135161178 0.20761013507548337 100
