1759134674601 0.03205946088259716 1
1759134678948 0.0 2
1759134683611 0.0012556453409482147 3
1759134688121 0.015006987058752051 4
1759134693281 0.03347712497721611 5
1759134698012 0.046013326042489415 6
1759134702794 0.05615975049111935 7
1759134707570 0.06112157482228568 8
1759134712549 0.06379488425785285 9
1759134717126 0.06679223120076148 10
1759134721756 0.06855418514693076 11
1759134726583 0.06899973671952528 12
1759134731049 0.07157178443404824 13
1759134736129 0.07390080401806509 14
1759134740710 0.07598679547157583 15
1759134746012 0.07819430099033964 16
1759134750905 0.08185997529214006 17
1759134755730 0.08526236911922555 18
1759134759956 0.08844198716001377 19
1759134766289 0.09208740911760536 20
1759134773965 0.09391012009640116 21
1759134780421 0.09725175689086012 22
1759134784646 0.09816311238025802 23
1759134789497 0.09931749600016201 24
1759134794158 0.10162626323997002 25
1759134799044 0.10421856329870183 26
1759134803921 0.1054134516070235 27
1759134808956 0.10547420863965004 28
1759134813992 0.10756020009316078 29
1759134819148 0.10841079854993216 30
1759134824372 0.10841079854993216 31
1759134829209 0.10916013528565932 32
1759134834156 0.10887660246673553 33
1759134839217 0.11124612673917006 34
1759134844089 0.11114486501812584 35
1759134848996 0.11181319237701765 36
1759134853908 0.11266379083378901 37
1759134859632 0.11302833302954816 38
1759134864970 0.11341312756951617 39
1759134870024 0.11343337991372501 40
1759134874944 0.11353464163476923 41
1759134879959 0.11312959475059238 42
1759134884619 0.11418271664945218 43
1759134889719 0.11472952994309091 44
1759134894365 0.11460801587783787 45
1759134899214 0.11590416590720376 46
1759134903946 0.1155396237114446 47
1759134908771 0.11659274561030439 48
1759134913428 0.11580290418615954 49
1759134918122 0.11645097920084249 50
1759134922912 0.11503331510622354 51
1759134927866 0.11560038074407113 52
1759134932728 0.11636996982400713 53
1759134937512 0.11612694169350102 54
1759134942146 0.11726107296919619 55
1759134947804 0.11582315653036838 56
1759134952687 0.11641047451242481 57
1759134957177 0.11624845575875407 58
1759134961884 0.11671425967555744 59
1759134966496 0.11754460578811997 60
1759134971449 0.11653198857767787 61
1759134976904 0.11701804483869008 62
1759134982416 0.11770662454179072 63
1759134987034 0.1172205682807785 64
1759134991692 0.11780788626283492 65
1759134996742 0.11736233469024039 66
1759135001281 0.11730157765761387 67
1759135005818 0.11756485813232882 68
1759135010890 0.11886100816169472 69
1759135015584 0.11715981124815197 70
1759135020198 0.11849646596593556 71
1759135024764 0.1186179800311886 72
1759135029656 0.11803066204913219 73
1759135034292 0.11873949409644166 74
1759135039070 0.11932681207849809 75
1759135043784 0.1181319237701764 76
1759135048207 0.1189015128501124 77
1759135052964 0.11906353160378313 78
1759135057542 0.11886100816169472 79
1759135062644 0.11801040970492334 80
1759135067241 0.11772687688599956 81
1759135072076 0.11815217611438524 82
1759135076640 0.11843570893330903 83
1759135081400 0.11902302691536545 84
1759135086464 0.11882050347327704 85
1759135092152 0.11855722299856208 86
1759135096633 0.11882050347327704 87
1759135101824 0.11920529801324503 88
1759135106664 0.11849646596593556 89
1759135111608 0.1183749519006825 90
1759135117052 0.11877999878485934 91
1759135122333 0.11825343783542945 92
1759135126986 0.11867873706381514 93
1759135131809 0.1187597464406505 94
1759135136919 0.11839520424489135 95
1759135141616 0.11892176519432124 96
1759135146734 0.11833444721226483 97
1759135151309 0.11845596127751787 98
1759135156371 0.11892176519432124 99
1759135161158 0.11906353160378313 100
