1759134674568 0.8063642932377587 1
1759134678910 0.8224979060094831 2
1759134683577 0.8226776476847475 3
1759134688086 0.8247302976162659 4
1759134693245 0.8273041984060509 5
1759134697976 0.8289793908195142 6
1759134702760 0.8304065397211128 7
1759134707535 0.8310679890860855 8
1759134712511 0.8314166879360982 9
1759134717090 0.8319523181283859 10
1759134721720 0.8322255254747877 11
1759134726547 0.8322614738098405 12
1759134731014 0.8326461209949061 13
1759134736094 0.8329480870093502 14
1759134740675 0.8331997253547202 15
1759134745977 0.8334369843660691 16
1759134750868 0.834026537060936 17
1759134755692 0.8343680462439382 18
1759134759917 0.8348317797661201 19
1759134766252 0.8352667546202598 20
1759134773927 0.8354105479604712 21
1759134780384 0.8358419279811056 22
1759134784609 0.835985721321317 23
1759134789458 0.8360324541568858 24
1759134794122 0.8364314806759725 25
1759134799008 0.8367082828558795 26
1759134803883 0.8368376968620699 27
1759134808918 0.8368736451971227 28
1759134813952 0.8371971802125985 29
1759134819111 0.8372151543801248 30
1759134824332 0.8373265942187887 31
1759134829171 0.8373050252177571 32
1759134834118 0.8372654820491989 33
1759134839176 0.8376824827358121 34
1759134844049 0.8376609137347804 35
1759134848956 0.8377615690729284 36
1759134853872 0.8379341210811821 37
1759134859593 0.8378981727461292 38
1759134864931 0.8379233365806663 39
1759134869986 0.8379161469136557 40
1759134874908 0.8379485004152033 41
1759134879921 0.8378334657430341 42
1759134884582 0.8380419660863407 43
1759134889672 0.8380922937554147 44
1759134894322 0.8380635350873724 45
1759134899173 0.8382360870956261 46
1759134903908 0.8382756302641843 47
1759134908727 0.8382612509301631 48
1759134913389 0.8382360870956261 49
1759134918083 0.8383906649363535 50
1759134922872 0.8380527505868566 51
1759134927824 0.8381246472569623 52
1759134932689 0.8383583114348059 53
1759134937470 0.8383043889322266 54
1759134942107 0.838372690768827 55
1759134947766 0.838196543927068 56
1759134952647 0.8382504664296473 57
1759134957138 0.8383331476002689 58
1759134961846 0.8383870701028482 59
1759134966455 0.8385164841090385 60
1759134971408 0.8382540612631526 61
1759134976867 0.8383403372672794 62
1759134982376 0.8384517771059433 63
1759134986994 0.838372690768827 64
1759134991652 0.8384445874389328 65
1759134996700 0.838448182272438 66
1759135001240 0.8384302081049116 67
1759135005778 0.8384949151080068 68
1759135010847 0.8385740014451231 69
1759135015541 0.8383403372672794 70
1759135020156 0.8386387084482182 71
1759135024725 0.8385883807791442 72
1759135029617 0.8385164841090385 73
1759135034254 0.8385919756126495 74
1759135039028 0.8386566826157447 75
1759135043740 0.838458966772954 76
1759135048165 0.8386063549466707 77
1759135052921 0.8386638722827552 78
1759135057501 0.8386674671162605 79
1759135062601 0.8385883807791442 80
1759135067199 0.8384050442703747 81
1759135072036 0.8384913202745015 82
1759135076600 0.8385955704461547 83
1759135081360 0.8386099497801759 84
1759135086424 0.8385811911121337 85
1759135092110 0.8385883807791442 86
1759135096593 0.8386207342806918 87
1759135101780 0.838685441283787 88
1759135106623 0.8385596221111019 89
1759135111568 0.8384805357739856 90
1759135117011 0.8385883807791442 91
1759135122291 0.8385847859456389 92
1759135126944 0.838649492948734 93
1759135131766 0.8385955704461547 94
1759135136877 0.8385883807791442 95
1759135141575 0.83859916527966 96
1759135146688 0.8384949151080068 97
1759135151269 0.8385344582765649 98
1759135156329 0.8386171394471865 99
1759135161116 0.8386746567832711 100
