1759130412999 0.21798393188216714 1
1759130417323 0.30951467485133327 2
1759130421690 0.3255166302731099 3
1759130426836 0.3383548316228855 4
1759130431971 0.3413672217353199 5
1759130437142 0.34915692288530104 6
1759130442243 0.35028424577525114 7
1759130447417 0.35605731654363876 8
1759130452628 0.35705101392697247 9
1759130457327 0.35966745622590685 10
1759130462406 0.3635746676126724 11
1759130467017 0.36628919189584774 12
1759130472086 0.3673626390534365 13
1759130477014 0.36887217117839305 14
1759130481430 0.36925822231793987 15
1759130486277 0.3699292089873808 16
1759130491098 0.37060398141595646 17
1759130496029 0.37164656657642137 18
1759130500592 0.3732944068838353 19
1759130505467 0.37636452839445605 20
1759130510264 0.3784247888014964 21
1759130515675 0.37870330613997427 22
1759130520483 0.3778561570311302 23
1759130524999 0.3803893339051324 24
1759130530504 0.3814789854184536 25
1759130535532 0.3850487838394943 26
1759130539972 0.38310178101475 27
1759130544649 0.3843835574525373 28
1759130549829 0.3833412354893474 29
1759130554588 0.38360440031212223 30
1759130559479 0.3822430478990567 31
1759130564353 0.3866459153468217 32
1759130569815 0.3857557695246828 33
1759130575221 0.38843101343101344 34
1759130579579 0.38917616193047483 35
1759130584911 0.39151280841413116 36
1759130590213 0.39126262395466804 37
1759130594825 0.39183822522481404 38
1759130600306 0.3913367957719665 39
1759130604753 0.3899054589813967 40
1759130610098 0.3959017390246868 41
1759130615462 0.39232117010741224 42
1759130620860 0.39650517246609834 43
1759130626125 0.39733730508526094 44
1759130631496 0.3961590470547123 45
1759130636790 0.3957012783680666 46
1759130642114 0.3995147103427359 47
1759130647495 0.3996179386882562 48
1759130652808 0.3987376342780847 49
1759130656953 0.39932646652811704 50
1759130662468 0.3981080135663336 51
1759130667087 0.4028657114295235 52
1759130672396 0.4008246297503373 53
1759130677102 0.4032500113689763 54
1759130681764 0.4061262132986605 55
1759130686982 0.4027333747481022 56
1759130692306 0.4022676630640736 57
1759130697605 0.4039761190411249 58
1759130702657 0.406413068138849 59
1759130707395 0.4052712802977578 60
1759130712154 0.40536084345550527 61
1759130717082 0.40590059762463127 62
1759130722417 0.40854561387604627 63
1759130727761 0.40820642978003385 64
1759130732985 0.41044899929113315 65
1759130738287 0.41053903065076247 66
1759130743390 0.40981624758220503 67
1759130747850 0.4106884057971014 68
1759130752510 0.4135798745173745 69
1759130757232 0.4124696624809684 70
1759130761995 0.413043806304607 71
1759130767266 0.41295656503175776 72
1759130772326 0.414063560536358 73
1759130777200 0.4122453294670231 74
1759130782440 0.41737533677508687 75
1759130787705 0.41625541646605685 76
1759130793044 0.41719951254005744 77
1759130798555 0.4182099926281424 78
1759130803838 0.4180146560934137 79
1759130809053 0.4182504928295186 80
1759130814451 0.4211395292987512 81
1759130819956 0.42121385026577374 82
1759130824210 0.41886627863255577 83
1759130828859 0.4222382195026845 84
1759130834171 0.41942173599422944 85
1759130838494 0.41864939203102225 86
1759130843439 0.41922133429650693 87
1759130848691 0.42226660459808085 88
1759130854094 0.4216221090122177 89
1759130858841 0.4203992063969218 90
1759130864228 0.4231080959385225 91
1759130869764 0.4223056139297508 92
1759130875199 0.42092450108199087 93
1759130880674 0.42231099630552976 94
1759130886197 0.42346410621858815 95
1759130891655 0.4227334804076059 96
1759130897150 0.42200898019251853 97
1759130901710 0.4217944672346692 98
1759130906264 0.422864517678132 99
1759130911049 0.42362891978224687 100
