1759130412948 0.8362409545001923 1
1759130417274 0.8447247615726677 2
1759130421640 0.8467666270036703 3
1759130426788 0.8484274400831125 4
1759130431921 0.8487150267635355 5
1759130437089 0.8497251749785208 6
1759130442193 0.8500415203269861 7
1759130447368 0.8507281335264957 8
1759130452579 0.8508036250301068 9
1759130457275 0.8513140913878574 10
1759130462352 0.8516699799048807 11
1759130466966 0.8521409030940732 12
1759130472033 0.8521912307631472 13
1759130476962 0.8528275162935829 14
1759130481376 0.8526046366162551 15
1759130486225 0.8528203266265723 16
1759130491046 0.8529281716317308 17
1759130495975 0.8531582409760692 18
1759130500537 0.8533811206533969 19
1759130505414 0.8537765523389784 20
1759130510211 0.8542618548621921 21
1759130515620 0.8543517256998242 22
1759130520428 0.8541576046905388 23
1759130524944 0.8545710105436467 24
1759130530452 0.8548334333895325 25
1759130535479 0.8552180805745981 26
1759130539919 0.8550635027338709 27
1759130544588 0.8553403049137779 28
1759130549774 0.8550599079003656 29
1759130554528 0.8551749425725348 30
1759130559423 0.854977226729744 31
1759130564298 0.8554948827545052 32
1759130569760 0.8555236414225476 33
1759130575159 0.8559550214431818 34
1759130579522 0.856044892280814 35
1759130584853 0.8562893409591735 36
1759130590152 0.8563396686282475 37
1759130594766 0.8563180996272157 38
1759130600249 0.8563396686282475 39
1759130604694 0.856170711453499 40
1759130610043 0.8571413164999263 41
1759130615406 0.8566200656416598 42
1759130620802 0.8569759541586831 43
1759130626070 0.8574504721813809 44
1759130631438 0.8571305319994105 45
1759130636729 0.857087393997347 46
1759130642056 0.8576589725246875 47
1759130647437 0.8576445931906663 48
1759130652751 0.8575439378525184 49
1759130656898 0.8576553776911823 50
1759130662410 0.8577344640282986 51
1759130667029 0.8582772838875967 52
1759130672338 0.8579070160365523 53
1759130677047 0.8584821893973981 54
1759130681706 0.858794939912358 55
1759130686923 0.8582952580551232 56
1759130692250 0.8582449303860492 57
1759130697544 0.8586008189030725 58
1759130702600 0.858920759085043 59
1759130707337 0.8586942845742099 60
1759130712093 0.8586835000736941 61
1759130717024 0.8588416727479267 62
1759130722360 0.8592766476020663 63
1759130727700 0.8591831819309289 64
1759130732928 0.8594815531118676 65
1759130738227 0.8596576999536266 66
1759130743330 0.8596001826175421 67
1759130747788 0.8596720792876478 68
1759130752451 0.8602256836474619 69
1759130757170 0.8598913641314703 70
1759130761936 0.8601717611448826 71
1759130767209 0.8601214334758086 72
1759130772265 0.8603515028201468 73
1759130777141 0.8600998644747768 74
1759130782367 0.8608475898438763 75
1759130787646 0.8605276496619059 76
1759130792984 0.8607469345057284 77
1759130798492 0.8609841935170772 78
1759130803779 0.8609626245160455 79
1759130808991 0.8610273315191407 80
1759130814390 0.8613616510351323 81
1759130819898 0.8614335477052381 82
1759130824151 0.8610992281892464 83
1759130828799 0.8615126340423543 84
1759130834107 0.8611172023567728 85
1759130838432 0.8609554348490349 86
1759130843379 0.8612717801975002 87
1759130848633 0.8616959705511239 88
1759130854033 0.8616456428820499 89
1759130858782 0.8613760303691534 90
1759130864168 0.8618289793908195 91
1759130869702 0.8616492377155552 92
1759130875137 0.8614766857073015 93
1759130880614 0.8617211343856609 94
1759130886136 0.8618541432253565 95
1759130891595 0.8617247292191662 96
1759130897086 0.8616384532150393 97
1759130901647 0.8616744015500922 98
1759130906197 0.8617498930537032 99
1759130910988 0.8618397638913353 100
