1759130412983 0.12858213338193897 1
1759130417307 0.1960629442858011 2
1759130421673 0.20831561253215058 3
1759130426820 0.21834052291552747 4
1759130431953 0.22087206594163275 5
1759130437125 0.22708953561374728 6
1759130442226 0.22773761062843023 7
1759130447401 0.23249691151750815 8
1759130452612 0.2333880146626972 9
1759130457310 0.2352512303299107 10
1759130462389 0.23869412884541386 11
1759130466999 0.2407396156105069 12
1759130472069 0.24177248516515787 13
1759130476995 0.24229904611458777 14
1759130481413 0.24306863519452376 15
1759130486260 0.2434129250460741 16
1759130491082 0.24393948599550397 17
1759130496013 0.24464831804281345 18
1759130500573 0.24600522510480588 19
1759130505451 0.24857727281932884 20
1759130510246 0.24993417988132127 21
1759130515657 0.25007594629078317 22
1759130520465 0.24950888065293558 23
1759130524981 0.25149361038540213 24
1759130530486 0.25220244243271156 25
1759130535514 0.255361808129291 26
1759130539954 0.25353909715049516 27
1759130544630 0.25443020029568425 28
1759130549810 0.25380237762521013 29
1759130554565 0.2538833870020455 30
1759130559460 0.25276950807055915 31
1759130564334 0.25659720112603035 32
1759130569797 0.25558458391558825 33
1759130575202 0.25771108005751664 34
1759130579561 0.2583591550721996 35
1759130584892 0.2604653988699192 36
1759130590192 0.26010085667416005 37
1759130594806 0.2607691840330518 38
1759130600286 0.2601818660509954 39
1759130604733 0.2589262207100472 40
1759130610079 0.26372602628754277 41
1759130615444 0.260748931688843 42
1759130620840 0.2646981388095672 43
1759130626108 0.26473864349798487 44
1759130631477 0.2640298114506754 45
1759130636768 0.26360451222228976 46
1759130642095 0.26676387791886913 47
1759130647476 0.266905644328331 48
1759130652788 0.2661158029041862 49
1759130656934 0.2665613544767807 50
1759130662449 0.2650626810053264 51
1759130667068 0.2693359256333921 52
1759130672376 0.26775624278510235 53
1759130677084 0.26937643032180975 54
1759130681745 0.27200923506895924 55
1759130686962 0.2691536545355125 56
1759130692288 0.2687283553071268 57
1759130697585 0.26996374830386616 58
1759130702638 0.2720902444457946 59
1759130707375 0.2712396459890232 60
1759130712135 0.2713611600542763 61
1759130717062 0.2716649452174089 62
1759130722398 0.2738116937035462 63
1759130727742 0.27360917026145776 64
1759130732966 0.2755736476497155 65
1759130738268 0.27533061951920934 66
1759130743370 0.27462178747189986 67
1759130747830 0.27547238592867124 68
1759130752491 0.27767989144743505 69
1759130757213 0.27707232112116975 70
1759130761975 0.277173582842214 71
1759130767248 0.277173582842214 72
1759130772307 0.27798367661056766 73
1759130777179 0.276403993762278 74
1759130782407 0.2807987524555967 75
1759130787685 0.28015067744091376 76
1759130793024 0.2807987524555967 77
1759130798535 0.28148733215869737 78
1759130803819 0.28130506106081776 79
1759130809034 0.28144682747027966 80
1759130814430 0.28412013690584687 81
1759130819937 0.28405937987322033 82
1759130824189 0.28201389310812724 83
1759130828838 0.28509224942787126 84
1759130834147 0.28262146343439254 85
1759130838473 0.28205439779654495 86
1759130843419 0.2820746501407538 87
1759130848671 0.284747959576321 88
1759130854072 0.284099884561638 89
1759130858821 0.2832290337606578 90
1759130864207 0.2854567916236304 91
1759130869744 0.2848897259857828 92
1759130875179 0.28363408064483464 93
1759130880654 0.284747959576321 94
1759130886178 0.28582133381938957 95
1759130891636 0.28523401583733315 96
1759130897128 0.2845656884784414 97
1759130901689 0.2842416509710999 98
1759130906243 0.2853352775583774 99
1759130911028 0.2860441096056869 100
