1759130412932 0.2881663143634796 1
1759130417259 0.24204494059085846 2
1759130421623 0.23852455615997314 3
1759130426771 0.23640044033527374 4
1759130431903 0.23495396971702576 5
1759130437072 0.23403677344322205 6
1759130442176 0.23333676159381866 7
1759130447350 0.23305775225162506 8
1759130452561 0.2324208766222 9
1759130457257 0.23173445463180542 10
1759130462335 0.23152771592140198 11
1759130466949 0.23113055527210236 12
1759130472015 0.23054003715515137 13
1759130476945 0.2301863133907318 14
1759130481358 0.23049002885818481 15
1759130486208 0.2300914078950882 16
1759130491029 0.22991277277469635 17
1759130495957 0.2297566682100296 18
1759130500520 0.22917313873767853 19
1759130505395 0.22899582982063293 20
1759130510193 0.2286883145570755 21
1759130515602 0.22883793711662292 22
1759130520409 0.22853460907936096 23
1759130524926 0.22834531962871552 24
1759130530433 0.2282552570104599 25
1759130535460 0.22768284380435944 26
1759130539902 0.22803567349910736 27
1759130544567 0.22770555317401886 28
1759130549755 0.2276008278131485 29
1759130554510 0.22726553678512573 30
1759130559405 0.22757044434547424 31
1759130564279 0.2269265055656433 32
1759130569741 0.22734791040420532 33
1759130575140 0.2267475575208664 34
1759130579504 0.22666877508163452 35
1759130584833 0.22634078562259674 36
1759130590131 0.22618256509304047 37
1759130594746 0.22623072564601898 38
1759130600228 0.2261311411857605 39
1759130604675 0.2260533571243286 40
1759130610025 0.22566458582878113 41
1759130615387 0.22571218013763428 42
1759130620781 0.22532500326633453 43
1759130626051 0.22549130022525787 44
1759130631419 0.22545784711837769 45
1759130636709 0.22518590092658997 46
1759130642038 0.2247985154390335 47
1759130647415 0.22452473640441895 48
1759130652731 0.22475267946720123 49
1759130656879 0.2247568815946579 50
1759130662391 0.22486019134521484 51
1759130667010 0.2241613268852234 52
1759130672318 0.2243587076663971 53
1759130677028 0.22376716136932373 54
1759130681688 0.22382450103759766 55
1759130686900 0.22365903854370117 56
1759130692229 0.2238214612007141 57
1759130697525 0.22374926507472992 58
1759130702580 0.2232702225446701 59
1759130707317 0.2233421504497528 60
1759130712073 0.22319836914539337 61
1759130717004 0.2231464982032776 62
1759130722341 0.22310352325439453 63
1759130727681 0.22275719046592712 64
1759130732909 0.22271102666854858 65
1759130738207 0.22243045270442963 66
1759130743311 0.222528338432312 67
1759130747769 0.22225001454353333 68
1759130752433 0.2219805270433426 69
1759130757150 0.22214993834495544 70
1759130761916 0.22192181646823883 71
1759130767190 0.22193144261837006 72
1759130772246 0.22162240743637085 73
1759130777121 0.22150540351867676 74
1759130782348 0.2211156040430069 75
1759130787626 0.2213761806488037 76
1759130792962 0.2211172878742218 77
1759130798472 0.22078682482242584 78
1759130803759 0.22083742916584015 79
1759130808971 0.22081562876701355 80
1759130814371 0.22074256837368011 81
1759130819878 0.22054976224899292 82
1759130824132 0.22067071497440338 83
1759130828779 0.22044731676578522 84
1759130834087 0.220537468791008 85
1759130838412 0.22062964737415314 86
1759130843359 0.22028356790542603 87
1759130848611 0.2202204465866089 88
1759130854011 0.2202175408601761 89
1759130858762 0.2201251983642578 90
1759130864148 0.22015254199504852 91
1759130869682 0.2200952172279358 92
1759130875115 0.22004388272762299 93
1759130880594 0.2198607176542282 94
1759130886116 0.21996454894542694 95
1759130891574 0.21994584798812866 96
1759130897067 0.21993094682693481 97
1759130901627 0.2199634313583374 98
1759130906176 0.21991586685180664 99
1759130910967 0.21987822651863098 100
