1759134061059 0.23419584333896637 1
1759134065603 0.22140197455883026 2
1759134071951 0.219322070479393 3
1759134076431 0.2188458889722824 4
1759134081081 0.21889425814151764 5
1759134085534 0.21914908289909363 6
1759134090122 0.21862687170505524 7
1759134094789 0.21817277371883392 8
1759134099256 0.21802254021167755 9
1759134103581 0.2181960940361023 10
1759134108126 0.21752388775348663 11
1759134113334 0.21810956299304962 12
1759134119100 0.21857544779777527 13
1759134123392 0.21787714958190918 14
1759134127773 0.21840237081050873 15
1759134132154 0.2182336449623108 16
1759134137147 0.21845483779907227 17
1759134141944 0.218758225440979 18
1759134146843 0.2182607352733612 19
1759134151508 0.21893158555030823 20
1759134156016 0.21799278259277344 21
1759134160768 0.2172325700521469 22
1759134165613 0.2178775817155838 23
1759134170376 0.21731173992156982 24
1759134175269 0.21773280203342438 25
1759134180130 0.21613875031471252 26
1759134184817 0.2169710248708725 27
1759134189748 0.21652570366859436 28
1759134194496 0.21632994711399078 29
1759134199139 0.21604037284851074 30
1759134203321 0.21621043980121613 31
1759134207636 0.2152138352394104 32
1759134212264 0.21561461687088013 33
1759134216521 0.21571707725524902 34
1759134220788 0.21530409157276154 35
1759134225282 0.21570715308189392 36
1759134229844 0.2152097374200821 37
1759134234361 0.2151561826467514 38
1759134238816 0.21449847519397736 39
1759134243490 0.21395191550254822 40
1759134247731 0.2136344611644745 41
1759134252346 0.21258538961410522 42
1759134256495 0.2121797651052475 43
1759134261172 0.21204504370689392 44
1759134265451 0.21123231947422028 45
1759134269628 0.21168972551822662 46
1759134274275 0.21097007393836975 47
1759134278481 0.2104267179965973 48
1759134282994 0.2102496474981308 49
1759134287158 0.21004796028137207 50
1759134291790 0.20946474373340607 51
1759134296007 0.20957057178020477 52
1759134301289 0.2087671011686325 53
1759134307741 0.20842508971691132 54
1759134314041 0.20752348005771637 55
1759134320487 0.20801019668579102 56
1759134327238 0.20772041380405426 57
1759134333934 0.20716492831707 58
1759134338384 0.20701566338539124 59
1759134342843 0.20617523789405823 60
1759134347830 0.20578932762145996 61
1759134352057 0.2059944123029709 62
1759134356978 0.20526090264320374 63
1759134361694 0.2041328400373459 64
1759134366713 0.20349976420402527 65
1759134371321 0.20297187566757202 66
1759134375701 0.20210489630699158 67
1759134380323 0.2015298306941986 68
1759134384739 0.2004847228527069 69
1759134389103 0.19952327013015747 70
