1759134061124 0.36116072735791044 1
1759134065672 0.42582458821763397 2
1759134072024 0.4301518997651594 3
1759134076500 0.431140327049492 4
1759134081150 0.4341342170671086 5
1759134085611 0.4302639104502002 6
1759134090194 0.4300072474668052 7
1759134094857 0.4323274329019726 8
1759134099324 0.43793527796935644 9
1759134103651 0.44200164956259547 10
1759134108198 0.4493858250840555 11
1759134113411 0.43619756057539794 12
1759134119167 0.42527872772263464 13
1759134123459 0.4343875302779412 14
1759134127849 0.43249098462930713 15
1759134132226 0.43453520818515073 16
1759134137217 0.4439237864404497 17
1759134142011 0.42559490868843386 18
1759134146910 0.4279340446168768 19
1759134151581 0.42396480187129293 20
1759134156087 0.4276743478381145 21
1759134160841 0.4296550104312024 22
1759134165687 0.42945648724352514 23
1759134170449 0.4288993362831859 24
1759134175339 0.4351546164850886 25
1759134180203 0.434953430227766 26
1759134184892 0.43533927347498286 27
1759134189821 0.4306574384903367 28
1759134194572 0.4413010033900151 29
1759134199219 0.43803734735228084 30
1759134203401 0.4338768489852082 31
1759134207716 0.44816414686825057 32
1759134212344 0.44231347157336826 33
1759134216596 0.4349634935941589 34
1759134220871 0.43486392452933975 35
1759134225362 0.4236410457369983 36
1759134229938 0.4214068483892769 37
1759134234448 0.4275567587178879 38
1759134238896 0.4318386208614082 39
1759134243571 0.4306489096703266 40
1759134247811 0.4332143943794429 41
1759134252431 0.4451805593266359 42
1759134256576 0.451680643988854 43
1759134261252 0.45505918902994275 44
1759134265530 0.46190900743855545 45
1759134269711 0.46000213321956157 46
1759134274356 0.470203201808575 47
1759134278564 0.4675464938622833 48
1759134283076 0.4721993329409457 49
1759134287241 0.46659024126708043 50
1759134291873 0.4721843182533852 51
1759134296090 0.4724135222184398 52
1759134301373 0.4723423210963499 53
1759134307822 0.4735732708396067 54
1759134314120 0.48206562556651905 55
1759134320566 0.477787874853953 56
1759134327318 0.4820583137143301 57
1759134334014 0.48271665674115116 58
1759134338464 0.48433188043225955 59
1759134342926 0.4865143224975861 60
1759134347912 0.4860818954948444 61
1759134352138 0.4881041179042671 62
1759134357061 0.4868489045059942 63
1759134361771 0.49303660427156604 64
1759134366795 0.49446201518624266 65
1759134371401 0.4936225796537239 66
1759134375781 0.49514053396504265 67
1759134380403 0.4966069697433542 68
1759134384816 0.5023676226022268 69
1759134389186 0.5018747537399748 70
