1759134061108 0.24979241347185938 1
1759134065656 0.3159770743463556 2
1759134072004 0.3208781416448954 3
1759134076482 0.32144520728274295 4
1759134081134 0.32367296514571564 5
1759134085594 0.3199465338112887 6
1759134090176 0.3184276079956255 7
1759134094840 0.32002754318812404 8
1759134099306 0.3279259574295725 9
1759134103633 0.3310245660935253 10
1759134108181 0.3397128217591186 11
1759134113391 0.3230248901310327 12
1759134119151 0.3097798570184499 13
1759134123442 0.3214249549385341 14
1759134127829 0.3193997205176499 15
1759134132207 0.3216882354132491 16
1759134137200 0.33383964193855437 17
1759134141995 0.3115013062762015 18
1759134146894 0.31273669927294084 19
1759134151561 0.3083419405796221 20
1759134156068 0.3131012414687 21
1759134160821 0.31490370010328694 22
1759134165668 0.3151669805780019 23
1759134170432 0.3140936063349333 24
1759134175321 0.32033132835125666 25
1759134180184 0.32061486117018045 26
1759134184874 0.32158697369220485 27
1759134189803 0.31567328918322296 28
1759134194553 0.3282297425927051 29
1759134199200 0.3239970026530571 30
1759134203382 0.31929845879660573 31
1759134207696 0.33618891386678007 32
1759134212326 0.32788545274115477 33
1759134216577 0.31972375802499137 34
1759134220847 0.3202098142860036 35
1759134225342 0.3065192296008263 36
1759134229914 0.3030763310853231 37
1759134234427 0.3102659132794621 38
1759134238876 0.31605808372319094 39
1759134243552 0.31336452194341496 40
1759134247792 0.3171922149988861 41
1759134252411 0.3320574356481763 42
1759134256555 0.33977357879174513 43
1759134261232 0.3441075804524374 44
1759134265511 0.3514996860886648 45
1759134269689 0.34937318994673633 46
1759134274337 0.36225368086355997 47
1759134278544 0.35945885736273975 48
1759134283054 0.36557506531381007 49
1759134287219 0.35856775421755066 50
1759134291851 0.36442068169390607 51
1759134296067 0.36537254187172163 52
1759134301352 0.365068756708589 53
1759134307803 0.36628389736111955 54
1759134314099 0.3769771351033882 55
1759134320546 0.37268363813111366 56
1759134327298 0.37736192964335624 57
1759134333995 0.3775644530854446 58
1759134338444 0.3803187718978472 59
1759134342905 0.3826680438260729 60
1759134347891 0.38141239848512465 61
1759134352116 0.38432873605119794 62
1759134357041 0.3816149219272131 63
1759134361751 0.38967535492233224 64
1759134366773 0.39103226198432467 65
1759134371381 0.3903234299370152 66
1759134375760 0.3915588229337546 67
1759134380381 0.39423213236932175 68
1759134384796 0.4007128825161512 69
1759134389165 0.399842031715171 70
