1759134061041 0.3407025721352405 1
1759134065585 0.33192507224214685 2
1759134071934 0.330453444863717 3
1759134076413 0.33021385742805526 4
1759134081063 0.3301216525659563 5
1759134085517 0.33034603825614645 6
1759134090104 0.3301037095667494 7
1759134094771 0.3298035783397761 8
1759134099238 0.32974438470335315 9
1759134103562 0.32975387447472754 10
1759134108106 0.3293158741783738 11
1759134113315 0.3296222812090569 12
1759134119082 0.3299612594572212 13
1759134123375 0.32947660408185286 14
1759134127754 0.32982342390410907 15
1759134132136 0.32966712328236675 16
1759134137126 0.3297334033413247 17
1759134141926 0.3298777361355571 18
1759134146826 0.32950953882792056 19
1759134151491 0.329997374459139 20
1759134155998 0.32936184379100814 21
1759134160750 0.32880312238400455 22
1759134165596 0.3292022121025159 23
1759134170356 0.32884548196732544 24
1759134175253 0.32894293700546073 25
1759134180112 0.32808712331959733 26
1759134184799 0.3286112633653103 27
1759134189729 0.3283404256184581 28
1759134194474 0.32800086261763767 29
1759134199119 0.3278362502303017 30
1759134203301 0.3280540684826375 31
1759134207618 0.3272624258475571 32
1759134212241 0.32754672274108093 33
1759134216502 0.327574699887966 34
1759134220768 0.3271104249648104 35
1759134225263 0.3274324806696606 36
1759134229824 0.3269579546354073 37
1759134234341 0.3268952258035944 38
1759134238798 0.3265912677559965 39
1759134243469 0.3260974456475335 40
1759134247711 0.325946981597538 41
1759134252324 0.3253221006928066 42
1759134256476 0.32499969601616946 43
1759134261153 0.32496748495676486 44
1759134265431 0.32430615453417455 45
1759134269606 0.32460176296008053 46
1759134274254 0.32403091366853715 47
1759134278461 0.3236030339300384 48
1759134282974 0.3234720248532998 49
1759134287138 0.3233371145766329 50
1759134291770 0.3229640905360646 51
1759134295986 0.32287501892063203 52
1759134301268 0.32243660523670714 53
1759134307723 0.3220034255140255 54
1759134314021 0.3214460760319128 55
1759134320467 0.32181295333892607 56
1759134327218 0.3213820511308882 57
1759134333911 0.32097261143908434 58
1759134338366 0.32084028444975715 59
1759134342824 0.3201980851683824 60
1759134347807 0.31988291893325027 61
1759134352036 0.3199843377139818 62
1759134356957 0.31937611178449105 63
1759134361676 0.31851055791518856 64
1759134366691 0.31813523529015253 65
1759134371298 0.31762601484296465 66
1759134375681 0.3168815880528877 67
1759134380302 0.31650245051768644 68
1759134384718 0.3155565036438936 69
1759134389084 0.31481959626570516 70
