1759134061008 0.37965638486339764 1
1759134065548 0.35906510624815435 2
1759134071898 0.3547713947756326 3
1759134076378 0.35392742521841736 4
1759134081028 0.35400503561558094 5
1759134085479 0.3538340972188641 6
1759134090070 0.353516827830497 7
1759134094733 0.3528326924561578 8
1759134099201 0.35248148698798 9
1759134103528 0.35322361751733455 10
1759134108068 0.3523010711788255 11
1759134113278 0.35225660238853274 12
1759134119048 0.3535880588871591 13
1759134123339 0.35243780658963847 14
1759134127716 0.3527833001468988 15
1759134132098 0.352587598047274 16
1759134137090 0.35305952795726414 17
1759134141891 0.3531367050155121 18
1759134146791 0.35240724502021775 19
1759134151454 0.3534175550345989 20
1759134155959 0.352178793071824 21
1759134160712 0.3505335573435706 22
1759134165556 0.351383413955131 23
1759134170319 0.35028512277366486 24
1759134175214 0.3506526910316418 25
1759134180076 0.34891294600332484 26
1759134184762 0.3496134056545356 27
1759134189691 0.34943106962258325 28
1759134194436 0.348684269880109 29
1759134199078 0.3479216926566818 30
1759134203262 0.3483945777749314 31
1759134207580 0.3467447149074253 32
1759134212201 0.3465313560274594 33
1759134216458 0.3466732043444234 34
1759134220727 0.3462249830584316 35
1759134225226 0.3463123016168966 36
1759134229786 0.3453308075447293 37
1759134234299 0.3448326790924458 38
1759134238759 0.34415468540700045 39
1759134243429 0.34279131966040416 40
1759134247668 0.3423090764485738 41
1759134252281 0.34088767676011605 42
1759134256434 0.33993269053890424 43
1759134261106 0.34013456078794074 44
1759134265383 0.3385297986952698 45
1759134269566 0.33914024848490953 46
1759134274213 0.33799399709438577 47
1759134278422 0.33697843694073315 48
1759134282930 0.3361628364004633 49
1759134287096 0.3355854003525832 50
1759134291727 0.33439924606286425 51
1759134295945 0.3342431635760209 52
1759134301225 0.3332854164764285 53
1759134307677 0.33201635735766855 54
1759134313981 0.33063604989472556 55
1759134320426 0.3311636579935165 56
1759134327176 0.33047351071282344 57
1759134333867 0.3293867988840622 58
1759134338322 0.3288968672482845 59
1759134342782 0.32696944031426134 60
1759134347766 0.3258682836723678 61
1759134351995 0.32602764781126203 62
1759134356914 0.3240157021483516 63
1759134361632 0.3221213122391525 64
1759134366649 0.32111499280504446 65
1759134371259 0.3192707274437827 66
1759134375639 0.31765958748976975 67
1759134380261 0.3160165512441274 68
1759134384676 0.31374684997889046 69
1759134389041 0.3116191845277653 70
