1759134061076 0.8431430348303418 1
1759134065621 0.848747380265083 2
1759134071967 0.8490924842815905 3
1759134076448 0.8494339934645927 4
1759134081100 0.850228451669261 5
1759134085554 0.8495993558058359 6
1759134090141 0.8501565549991552 7
1759134094806 0.8508215991976331 8
1759134099272 0.8505879350197896 9
1759134103598 0.8516448160703437 10
1759134108144 0.8522343687652106 11
1759134113351 0.8517778249100393 12
1759134119117 0.8513823932244579 13
1759134123410 0.851421936393016 14
1759134127792 0.8512134360497093 15
1759134132171 0.8513895828914684 16
1759134137163 0.8515441607321957 17
1759134141961 0.8507497025275275 18
1759134146861 0.8515837039007539 19
1759134151526 0.8512745482192993 20
1759134156034 0.8512529792182675 21
1759134160786 0.8516016780682802 22
1759134165632 0.8513572293899208 23
1759134170395 0.8515261865646693 24
1759134175287 0.8523889466059379 25
1759134180148 0.8521373082605679 26
1759134184835 0.8519216182502507 27
1759134189766 0.8518461267466397 28
1759134194514 0.8524788174435701 29
1759134199160 0.852439274275012 30
1759134203339 0.8520977650920097 31
1759134207657 0.8530432063039001 32
1759134212284 0.8532373273131855 33
1759134216541 0.8525543089471811 34
1759134220808 0.8522703171002635 35
1759134225301 0.8519575665853036 36
1759134229864 0.8522739119337688 37
1759134234383 0.8525291451126441 38
1759134238837 0.852378162105422 39
1759134243511 0.8529245767982256 40
1759134247751 0.8526765332863608 41
1759134252366 0.8530863443059634 42
1759134256514 0.8535716468291771 43
1759134261193 0.8537118453358833 44
1759134265470 0.8546357175467418 45
1759134269648 0.8544020533688982 46
1759134274295 0.8550994510689237 47
1759134278504 0.8546752607153 48
1759134283015 0.8549376835611858 49
1759134287178 0.8544775448725093 50
1759134291811 0.8553870377493467 51
1759134296027 0.8551425890709872 52
1759134301311 0.8552216754081035 53
1759134307762 0.8554553395859471 54
1759134314061 0.8562138494555624 55
1759134320508 0.8553942274163572 56
1759134327260 0.8560628664483404 57
1759134333953 0.8563648324627845 58
1759134338404 0.8562497977906153 59
1759134342864 0.8566200656416598 60
1759134347850 0.8568429453189875 61
1759134352077 0.856911247155588 62
1759134356998 0.8572060235030214 63
1759134361713 0.8577560330293302 64
1759134366733 0.8580723783777955 65
1759134371341 0.857853093533973 66
1759134375720 0.8582664993870809 67
1759134380343 0.8581334905473853 68
1759134384758 0.8590861214262862 69
1759134389126 0.8591148800943285 70
