1759134061093 0.6517305151915456 1
1759134065638 0.6527487239561542 2
1759134071986 0.6522848909016056 3
1759134076467 0.6544884747020742 4
1759134081117 0.6590515463917526 5
1759134085576 0.6566903603940641 6
1759134090157 0.6619653081845739 7
1759134094822 0.6660484720758694 8
1759134099290 0.659015059015059 9
1759134103616 0.6649174192498576 10
1759134108163 0.6636334863111252 11
1759134113371 0.6714375920858766 12
1759134119134 0.6781043578490047 13
1759134123427 0.6697754895340986 14
1759134127811 0.6695678016472786 15
1759134132188 0.6693354683746997 16
1759134137181 0.6623272259723562 17
1759134141977 0.6715714098589705 18
1759134146877 0.6774887026718729 19
1759134151544 0.6783247939407441 20
1759134156051 0.6744906417695563 21
1759134160803 0.675984696982871 22
1759134165649 0.6737963283685486 23
1759134170411 0.6759796016214096 24
1759134175304 0.6782880912560573 25
1759134180165 0.6760473160524405 26
1759134184854 0.6736096381453358 27
1759134189784 0.6774011299435029 28
1759134194533 0.6732159175874387 29
1759134199179 0.6759623103899945 30
1759134203361 0.6767104472486909 31
1759134207676 0.6719831599400883 32
1759134212305 0.6794242309790591 33
1759134216558 0.680093051307457 34
1759134220829 0.6774207369323051 35
1759134225321 0.6856172140430351 36
1759134229883 0.6913198133690581 37
1759134234408 0.6874270842681504 38
1759134238856 0.6814847161572053 39
1759134243532 0.6882394804732676 40
1759134247771 0.6830651140477125 41
1759134252386 0.6752048758390644 42
1759134256534 0.6735046166198314 43
1759134261213 0.6716075734218744 44
1759134265492 0.6734440478038181 45
1759134269668 0.6731572169976977 46
1759134274317 0.6697996629844598 47
1759134278524 0.6685877876972915 48
1759134283035 0.6666297363173056 49
1759134287198 0.6677604284528929 50
1759134291832 0.6704422668504788 51
1759134296046 0.6681604385022777 52
1759134301331 0.6688930943634273 53
1759134307783 0.6697526292401126 54
1759134314080 0.6683902474056519 55
1759134320528 0.6654612519437313 56
1759134327278 0.6671560027211859 57
1759134333973 0.6690471918176925 58
1759134338424 0.6666548333274167 59
1759134342886 0.6677150328645134 60
1759134347871 0.6699274331246443 61
1759134352096 0.6686515626651633 62
1759134357019 0.6722200420962505 63
1759134361732 0.6710260166004045 64
1759134366753 0.6722841225626741 65
1759134371361 0.6712758176308732 66
1759134375741 0.6732362977923254 67
1759134380362 0.6708018884179331 68
1759134384777 0.6731305708648023 69
1759134389144 0.6738225255972696 70
