1759136377407 0.42024525455448397 1
1759136381116 0.3318328376791385 2
1759136385513 0.32218250011778843 3
1759136389604 0.320046349182576 4
1759136393916 0.3193043217771821 5
1759136397918 0.3186697003252252 6
1759136401883 0.31817663834120735 7
1759136405931 0.3177081274855317 8
1759136409858 0.3173077421171643 9
1759136413702 0.3168938259122784 10
1759136417699 0.3163007984337331 11
1759136421782 0.31582074091592677 12
1759136425916 0.3155642125163885 13
1759136429816 0.31489912828662153 14
1759136433902 0.3147196735841625 15
1759136437866 0.31417610571457166 16
1759136441876 0.3135091580470876 17
1759136446172 0.3130848537719018 18
1759136450178 0.3126364052616582 19
1759136454548 0.31224478790722165 20
1759136458246 0.3118955846770262 21
1759136462378 0.31147943981232584 22
1759136466480 0.31130353047902165 23
1759136470489 0.3110837434340529 24
1759136474535 0.3105723652484781 25
1759136478277 0.31013373718423687 26
