1759136377442 0.8173429147629028 1
1759136381150 0.8373733270543575 2
1759136385550 0.8559801852777189 3
1759136389641 0.8557609004338964 4
1759136393950 0.8563109099602052 5
1759136397952 0.8569759541586831 6
1759136401919 0.8567530744813554 7
1759136405965 0.8571808596684845 8
1759136409893 0.8571772648349791 9
1759136413736 0.8577847916973725 10
1759136417736 0.8587374225762734 11
1759136421817 0.8588596469154531 12
1759136425954 0.8593269752711403 13
1759136429852 0.8602688216495253 14
1759136433937 0.8600028039701342 15
1759136437900 0.8605276496619059 16
1759136441912 0.8609518400155297 17
1759136446210 0.8614623063732804 18
1759136450226 0.8612466163629632 19
1759136454582 0.8615737462119442 20
1759136458281 0.8614047890371958 21
1759136462415 0.8623106870805278 22
1759136466518 0.8622963077465067 23
1759136470526 0.8617930310557667 24
1759136474573 0.8625982737609508 25
1759136478313 0.8628966449418896 26
