1759136377374 0.5329905229018015 1
1759136381081 0.35760813611833486 2
1759136385472 0.33421833780320254 3
1759136389571 0.32895922901875835 4
1759136393878 0.3271739823634134 5
1759136397882 0.3253851874786265 6
1759136401849 0.3240876993273987 7
1759136405895 0.32266932868343945 8
1759136409820 0.32177352116388436 9
1759136413664 0.32066789214663644 10
1759136417662 0.3195347976596916 11
1759136421746 0.31814109643592553 12
1759136425878 0.31735637258080873 13
1759136429778 0.3160885611877722 14
1759136433866 0.3154585615676992 15
1759136437830 0.31444784889326377 16
1759136441839 0.3129079289296094 17
1759136446134 0.31186248373021097 18
1759136450138 0.3111252211691702 19
1759136454511 0.3101337131331949 20
1759136458208 0.309018797295935 21
1759136462340 0.30833797321161804 22
1759136466440 0.3077614218654001 23
1759136470453 0.3071560146396651 24
1759136474496 0.30564645458670225 25
1759136478240 0.3049201725379509 26
