1759136377493 0.015004361733061935 1
1759136381201 0.27523670677197654 2
1759136385606 0.5339506531879994 3
1759136389692 0.5376140868442888 4
1759136394003 0.5376135114812887 5
1759136398003 0.5334334029129629 6
1759136401971 0.528905492634715 7
1759136406016 0.5266130473637176 8
1759136409945 0.5248517030233449 9
1759136413788 0.5237114891465308 10
1759136417792 0.5250320303623661 11
1759136421871 0.5242353739518201 12
1759136426013 0.525223848001747 13
1759136429905 0.5280361349231405 14
1759136433992 0.5279286268425136 15
1759136437952 0.5298921604265115 16
1759136441963 0.5316284025961445 17
1759136446264 0.5341826620896388 18
1759136450300 0.5343804284887088 19
1759136454633 0.5358868975159397 20
1759136458333 0.5355946903081259 21
1759136462470 0.5412824259263694 22
1759136466572 0.5404750479846449 23
1759136470581 0.5395578337205682 24
1759136474630 0.5442274212396556 25
1759136478366 0.5440154947932234 26
