1759136377478 0.007837657208821921 1
1759136381183 0.17396763675395427 2
1759136385587 0.46479129959292786 3
1759136389675 0.47240618101545256 4
1759136393986 0.47060372238086556 5
1759136397987 0.4606193166859064 6
1759136401953 0.45302468760759057 7
1759136406000 0.4475363023269944 8
1759136409928 0.4443971889746238 9
1759136413771 0.44048848654231726 10
1759136417773 0.43986066387184314 11
1759136421854 0.4380784575814651 12
1759136425995 0.43836199040038887 13
1759136429888 0.44036697247706424 14
1759136433974 0.4410150474917472 15
1759136437935 0.44283775847054296 16
1759136441946 0.4445794600725034 17
1759136446246 0.4475160499827855 18
1759136450273 0.4485691718816453 19
1759136454616 0.45022986410677035 20
1759136458316 0.4502501164509792 21
1759136462452 0.45766247443141544 22
1759136466556 0.45622455799258765 23
1759136470562 0.4562043056483788 24
1759136474611 0.4621584948457784 25
1759136478348 0.4607610830953683 26
