1759136377426 0.3722905218601227 1
1759136381132 0.22805985808372498 2
1759136385532 0.2129354476928711 3
1759136389622 0.2089853435754776 4
1759136393932 0.2078341543674469 5
1759136397935 0.20681285858154297 6
1759136401902 0.20618991553783417 7
1759136405948 0.20541492104530334 8
1759136409876 0.20507797598838806 9
1759136413720 0.20445945858955383 10
1759136417718 0.20379768311977386 11
1759136421800 0.2031850665807724 12
1759136425934 0.20285603404045105 13
1759136429834 0.2019931524991989 14
1759136433919 0.20192527770996094 15
1759136437884 0.20112770795822144 16
1759136441895 0.20032933354377747 17
1759136446190 0.1998225450515747 18
1759136450198 0.19936437904834747 19
1759136454565 0.198832169175148 20
1759136458263 0.1983262449502945 21
1759136462395 0.1980573683977127 22
1759136466499 0.19766731560230255 23
1759136470508 0.19733262062072754 24
1759136474554 0.19671735167503357 25
1759136478295 0.19633860886096954 26
