1759136377460 0.17527173913043478 1
1759136381166 0.658641312682104 2
1759136385569 0.6272891269884655 3
1759136389657 0.6237065162170111 4
1759136393969 0.6268749325563828 5
1759136397969 0.6335905507424019 6
1759136401936 0.6353205146411429 7
1759136405984 0.6396318166029872 8
1759136409910 0.6408773620724905 9
1759136413754 0.6457071606697542 10
1759136417755 0.6511077135233984 11
1759136421833 0.6525779105198057 12
1759136425973 0.655015887426237 13
1759136429870 0.6592886813619963 14
1759136433956 0.6575077749932063 15
1759136437918 0.6595481555213706 16
1759136441929 0.6610654380100581 17
1759136446228 0.6624793883975416 18
1759136450251 0.6607894030251499 19
1759136454600 0.6617944748749702 20
1759136458298 0.6608602598020273 21
1759136462433 0.662290085284722 22
1759136466537 0.6628902686637437 23
1759136470544 0.6601799478327129 24
1759136474593 0.6617369870958387 25
1759136478331 0.6639913611954238 26
