1759133799778 0.29517319798469543 1
1759133807036 0.29239556193351746 2
1759133814291 0.29159998893737793 3
1759133820839 0.29165908694267273 4
1759133827319 0.2915790379047394 5
1759133833795 0.2916240692138672 6
1759133840145 0.2913088798522949 7
1759133846616 0.29090267419815063 8
1759133853252 0.29083579778671265 9
1759133861921 0.29056602716445923 10
1759133871331 0.29043740034103394 11
1759133880623 0.2903054356575012 12
1759133890654 0.29022952914237976 13
1759133901233 0.2901630103588104 14
1759133908849 0.29011672735214233 15
1759133919111 0.2897225320339203 16
1759133928788 0.2892039120197296 17
1759133935673 0.28889381885528564 18
1759133943046 0.28895866870880127 19
1759133951555 0.28886106610298157 20
1759133958050 0.2889256179332733 21
1759133964348 0.2885677218437195 22
1759133970684 0.2885112166404724 23
1759133977205 0.28876590728759766 24
1759133983864 0.2884593605995178 25
1759133990230 0.2886159121990204 26
1759133997170 0.2886313796043396 27
1759134004363 0.28854307532310486 28
1759134011300 0.2884933054447174 29
