1759133799759 0.38334758497089183 1
1759133807019 0.38192445553386656 2
1759133814270 0.3818010084952198 3
1759133820820 0.38177128705478713 4
1759133827300 0.3817945882355251 5
1759133833778 0.38174337840879635 6
1759133840128 0.3815595206816858 7
1759133846596 0.3813533806951211 8
1759133853232 0.38120778115817966 9
1759133861902 0.38110306597432037 10
1759133871314 0.38089454684100843 11
1759133880605 0.3809398272711596 12
1759133890634 0.3808170001591903 13
1759133901214 0.38081981746943877 14
1759133908831 0.38075475967673356 15
1759133919092 0.38043621715281106 16
1759133928770 0.3800600908162599 17
1759133935653 0.37994772545241245 18
1759133943026 0.3799901972309387 19
1759133951534 0.379885126808001 20
1759133958032 0.3799027582340569 21
1759133964328 0.37974953949117457 22
1759133970665 0.37974359466871516 23
1759133977186 0.37978585386126346 24
1759133983847 0.37964734622575935 25
1759133990211 0.3797655880850919 26
1759133997150 0.3796989368552936 27
1759134004342 0.3796810997317552 28
1759134011276 0.37968384697809066 29
