1759133799830 4.0504688417684346e-05 1
1759133807092 0.0 2
1759133814343 0.0 3
1759133820894 0.0 4
1759133827372 0.0 5
1759133833849 0.0 6
1759133840196 0.0 7
1759133846675 0.0 8
1759133853307 0.0 9
1759133861974 0.0 10
1759133871384 0.0 11
1759133880677 0.0 12
1759133890712 0.0 13
1759133901287 0.0 14
1759133908905 0.0 15
1759133919166 0.0 16
1759133928840 0.0001417664094618952 17
1759133935729 0.0004455515725945278 18
1759133943098 0.0010328695546509509 19
1759133951612 0.0010328695546509509 20
1759133958105 0.001174635964112846 21
1759133964406 0.0030986086639528524 22
1759133970740 0.002572047714522956 23
1759133977264 0.001640439880916216 24
1759133983919 0.0021670008303461127 25
1759133990289 0.002936589910282115 26
1759133997238 0.002592300058731798 27
1759134004420 0.002713814123984851 28
1759134011360 0.0035846649249650646 29
