1759133799848 8.095363380623748e-05 1
1759133807113 0.0 2
1759133814364 0.0 3
1759133820911 0.0 4
1759133827389 0.0 5
1759133833867 0.0 6
1759133840214 0.0 7
1759133846693 0.0 8
1759133853328 0.0 9
1759133861992 0.0 10
1759133871402 0.0 11
1759133880694 0.0 12
1759133890733 0.0 13
1759133901304 0.0 14
1759133908924 0.0 15
1759133919185 0.0 16
1759133928860 0.0002834581899169873 17
1759133935747 0.0008901116685547824 18
1759133943117 0.0020613556444767796 19
1759133951631 0.0020599402213425963 20
1759133958121 0.0023427717413256857 21
1759133964433 0.006151124690936137 22
1759133970761 0.005116738180133357 23
1759133977283 0.003268105709098245 24
1759133983940 0.004311039484286866 25
1759133990308 0.005836419256158429 26
1759133997257 0.005152771627551226 27
1759134004439 0.005393873525741657 28
1759134011383 0.007114290882051488 29
