1759133799797 0.8223900610043245 1
1759133807054 0.8224979060094831 2
1759133814309 0.8224979060094831 3
1759133820856 0.8224979060094831 4
1759133827337 0.8224979060094831 5
1759133833814 0.8224979060094831 6
1759133840162 0.8224979060094831 7
1759133846637 0.8224979060094831 8
1759133853271 0.8224979060094831 9
1759133861939 0.8224979060094831 10
1759133871347 0.8224979060094831 11
1759133880640 0.8224979060094831 12
1759133890674 0.8224979060094831 13
1759133901249 0.8224979060094831 14
1759133908866 0.8224979060094831 15
1759133919129 0.8224979060094831 16
1759133928806 0.8225015008429885 17
1759133935693 0.822458362840925 18
1759133943063 0.8224871215089673 19
1759133951573 0.8223648971697876 20
1759133958068 0.8224224145058722 21
1759133964368 0.8222678366651448 22
1759133970703 0.8224619576744303 23
1759133977224 0.8223864661708193 24
1759133983882 0.8223217591677241 25
1759133990251 0.8224224145058722 26
1759133997188 0.8223217591677241 27
1759134004383 0.8223505178357664 28
1759134011318 0.8223972506713352 29
