1759133799814 0.058823529411764705 1
1759133807073 0.0 2
1759133814326 0.0 3
1759133820875 0.0 4
1759133827354 0.0 5
1759133833831 0.0 6
1759133840179 0.0 7
1759133846656 0.0 8
1759133853289 0.0 9
1759133861956 0.0 10
1759133871365 0.0 11
1759133880658 0.0 12
1759133890694 0.0 13
1759133901268 0.0 14
1759133908887 0.0 15
1759133919149 0.0 16
1759133928823 0.5384615384615384 17
1759133935712 0.4 18
1759133943081 0.4857142857142857 19
1759133951593 0.3669064748201439 20
1759133958086 0.4233576642335766 21
1759133964389 0.4135135135135135 22
1759133970722 0.4810606060606061 23
1759133977242 0.41968911917098445 24
1759133983900 0.4068441064638783 25
1759133990271 0.4662379421221865 26
1759133997213 0.419672131147541 27
1759134004401 0.4336569579288026 28
1759134011340 0.46335078534031415 29
