1759133799723 0.4704612612779138 1
1759133806983 0.4671274309818528 2
1759133814233 0.46679862232907937 3
1759133820784 0.4667884568994815 4
1759133827265 0.46679182816725207 5
1759133833741 0.46666707395958923 6
1759133840089 0.4661955224502602 7
1759133846558 0.4658292207897751 8
1759133853192 0.46548365958535354 9
1759133861866 0.46529997741287743 10
1759133871278 0.4648084693280731 11
1759133880567 0.4649065328828764 12
1759133890591 0.46474417868621215 13
1759133901178 0.46461259379722486 14
1759133908792 0.4645527179156736 15
1759133919054 0.46386282443451904 16
1759133928730 0.4630550824126302 17
1759133935616 0.4628349162617625 18
1759133942985 0.4629524825166537 19
1759133951498 0.4627379551598427 20
1759133957995 0.4628165683536872 21
1759133964287 0.46241579901875984 22
1759133970627 0.462473410485859 23
1759133977148 0.4625095564943996 24
1759133983805 0.4622715138577494 25
1759133990169 0.46249648758656625 26
1759133997111 0.4623733219359046 27
1759134004299 0.4623198751445856 28
1759134011235 0.4623492465122314 29
