1759131092406 0.0002227757862972639 1
1759131097065 0.0 2
1759131101801 0.0 3
1759131106554 0.0 4
1759131111769 0.0 5
1759131116888 0.0 6
1759131121938 0.0 7
1759131127138 0.0 8
1759131132116 0.0 9
1759131137537 0.0001417664094618952 10
1759131142920 0.0006278226704741073 11
1759131148329 0.0020252344208842176 12
1759131153128 0.006663021244709075 13
1759131158154 0.006865544686797497 14
1759131163462 0.006744030621544444 15
1759131168899 0.007392105636227393 16
1759131174232 0.007513619701480447 17
1759131179633 0.007068068128885919 18
1759131185074 0.009599611154991191 19
1759131190340 0.010369200234927193 20
1759131195638 0.01192863073900804 21
1759131201283 0.010450209611762561 22
1759131207255 0.013650079996759625 23
1759131212790 0.013832351094639204 24
1759131218311 0.014844968305081313 25
1759131223343 0.013366547177835834 26
1759131228723 0.013832351094639204 27
1759131234800 0.014055126880936469 28
1759131242501 0.014318407355651416 29
1759131250118 0.017072726168053953 30
1759131257611 0.016444903497579846 31
1759131265002 0.017538530084857323 32
1759131272857 0.016323389432326793 33
1759131280717 0.01721449257751585 34
1759131288104 0.015715819106061527 35
1759131295474 0.016161370678656053 36
1759131300472 0.014581687830366365 37
1759131305876 0.016444903497579846 38
1759131311384 0.0143589120440691 39
1759131317290 0.01640439880916216 40
1759131323200 0.017579034773275007 41
1759131329094 0.01687020272596553 42
1759131335014 0.0181055957227049 43
1759131340555 0.016849950381756688 44
1759131346148 0.016080361301820684 45
1759131352162 0.017011969135427425 46
1759131357519 0.01721449257751585 47
1759131362980 0.02051562468355712 48
1759131367896 0.018227109787957958 49
1759131372867 0.020070073110962594 50
1759131377983 0.018287866820584482 51
1759131382733 0.019138465277355854 52
1759131388008 0.01723474492172469 53
1759131392800 0.01928023168681775 54
1759131397850 0.020070073110962594 55
1759131403075 0.019462502784697328 56
1759131408079 0.018490390262672903 57
1759131412982 0.020799157502480913 58
1759131418193 0.01911821293314701 59
1759131423167 0.019806792636247645 60
1759131427728 0.0186321566721348 61
1759131434251 0.020819409846689754 62
1759131441136 0.02169026064766997 63
1759131448166 0.020333353585677543 64
1759131452871 0.021264961419284283 65
1759131458313 0.020009316078336066 66
1759131463797 0.02245984972760597 67
1759131469648 0.02282439192336513 68
1759131474969 0.022115559876055655 69
1759131480097 0.022054802843429127 70
1759131485193 0.024100289608522188 71
1759131490481 0.02476861696741398 72
1759131495844 0.024566093525325558 73
1759131501204 0.02339145756121271 74
1759131507159 0.023593981003301134 75
1759131512433 0.023330700528586185 76
1759131517547 0.0229054013002005 77
1759131523114 0.023472466938048078 78
1759131528288 0.02432306539481945 79
1759131533198 0.02377625210118071 80
1759131538330 0.022662373169694393 81
1759131543478 0.023614233347509974 82
1759131549381 0.023715495068554186 83
1759131554552 0.02331044818437734 84
1759131559827 0.023796504445389555 85
1759131565328 0.024464831804281346 86
1759131570923 0.025882495898900296 87
1759131575845 0.02442432711586366 88
1759131581524 0.02377625210118071 89
1759131586354 0.026287542783077142 90
1759131591640 0.026004009964153352 91
1759131597110 0.025760981833647244 92
1759131602368 0.024728112278996295 93
1759131608344 0.025801486522064928 94
1759131613208 0.026247038094659458 95
1759131618335 0.024444579460072502 96
1759131623314 0.026611580290418616 97
1759131628346 0.025376187293679242 98
1759131633325 0.025943252931526824 99
