1759131092375 0.8223541126692717 1
1759131097032 0.8224979060094831 2
1759131101768 0.8224979060094831 3
1759131106522 0.8224979060094831 4
1759131111736 0.8224979060094831 5
1759131116856 0.8224979060094831 6
1759131121906 0.8224979060094831 7
1759131127102 0.8224979060094831 8
1759131132083 0.8224979060094831 9
1759131137504 0.8224763370084515 10
1759131142887 0.8223684920032929 11
1759131148294 0.8224475783404092 12
1759131153092 0.8224691473414408 13
1759131158122 0.8223145695007136 14
1759131163429 0.8223648971697876 15
1759131168862 0.8224907163424726 16
1759131174199 0.8222354831635973 17
1759131179599 0.8223361385017453 18
1759131185039 0.822433199006388 19
1759131190304 0.8222714314986501 20
1759131195602 0.822257052164629 21
1759131201247 0.8222750263321554 22
1759131207219 0.8223469230022612 23
1759131212755 0.8222354831635973 24
1759131218275 0.8223469230022612 25
1759131223306 0.8222211038295761 26
1759131228684 0.8222103193290603 27
1759131234763 0.822357707502777 28
1759131242463 0.8225158801770096 29
1759131250078 0.8226021561811365 30
1759131257573 0.8223253540012294 31
1759131264964 0.8225446388450519 32
1759131272818 0.8226704580177369 33
1759131280676 0.8224763370084515 34
1759131288060 0.822458362840925 35
1759131295435 0.8224691473414408 36
1759131300433 0.8220269828202906 37
1759131305833 0.8223684920032929 38
1759131311346 0.822131232991944 39
1759131317251 0.8225518285120624 40
1759131323160 0.822634509682684 41
1759131329055 0.8224511731739145 42
1759131334975 0.8224871215089673 43
1759131340516 0.822609345848147 44
1759131346111 0.8221743709940074 45
1759131352121 0.8224871215089673 46
1759131357479 0.8221635864934915 47
1759131362937 0.8225662078460836 48
1759131367856 0.8224008455048405 49
1759131372828 0.8225626130125783 50
1759131377941 0.8222175089960708 51
1759131382691 0.8225230698440201 52
1759131387968 0.8224439835069038 53
1759131392759 0.8225877768471154 54
1759131397811 0.8224475783404092 55
1759131403037 0.8225698026795889 56
1759131408037 0.8223792765038087 57
1759131412945 0.8225338543445361 58
1759131418156 0.8224260093393775 59
1759131423121 0.8226129406816524 60
1759131427687 0.8224224145058722 61
1759131434211 0.8227567340218638 62
1759131441096 0.8227028115192845 63
1759131448128 0.8225122853435043 64
1759131452825 0.8226812425182528 65
1759131458271 0.8224943111759779 66
1759131463758 0.8228573893600117 67
1759131469608 0.8229185015296017 68
1759131474930 0.8229580446981598 69
1759131480058 0.8227028115192845 70
1759131485153 0.822710001186295 71
1759131490440 0.8230263465347603 72
1759131495804 0.822947260197644 73
1759131501163 0.8227531391883585 74
1759131507114 0.8226524838502105 75
1759131512393 0.8227818978564008 76
1759131517506 0.8227711133558849 77
1759131523074 0.8229292860301175 78
1759131528245 0.8228645790270224 79
1759131533158 0.8227495443548533 80
1759131538288 0.8227854926899061 81
1759131543436 0.8229185015296017 82
1759131549343 0.8228430100259907 83
1759131554510 0.8227854926899061 84
1759131559787 0.8227890875234114 85
1759131565288 0.8228753635275382 86
1759131570881 0.8232096830435298 87
1759131575800 0.8231198122058977 88
1759131581484 0.8229616395316651 89
1759131586314 0.8230658897033184 90
1759131591596 0.8232815797136356 91
1759131597069 0.8229652343651703 92
1759131602327 0.8226884321852633 93
1759131608298 0.8231629502079612 94
1759131613165 0.8229832085326968 95
1759131618293 0.8230155620342444 96
1759131623271 0.8232420365450774 97
1759131628299 0.8230479155357919 98
1759131633281 0.8230515103692972 99
