1759131092358 0.2964727282524109 1
1759131097017 0.29269254207611084 2
1759131101752 0.2913774251937866 3
1759131106505 0.29123178124427795 4
1759131111720 0.2909404933452606 5
1759131116840 0.29106295108795166 6
1759131121889 0.29062792658805847 7
1759131127084 0.2901834547519684 8
1759131132066 0.2900557816028595 9
1759131137486 0.2893027365207672 10
1759131142871 0.2889035642147064 11
1759131148277 0.2885487377643585 12
1759131153076 0.28821974992752075 13
1759131158105 0.288104772567749 14
1759131163412 0.2880935072898865 15
1759131168844 0.2878535985946655 16
1759131174182 0.2877141535282135 17
1759131179582 0.28763532638549805 18
1759131185022 0.287178099155426 19
1759131190287 0.28706735372543335 20
1759131195585 0.28688162565231323 21
1759131201227 0.2865777015686035 22
1759131207201 0.28627514839172363 23
1759131212738 0.28605276346206665 24
1759131218258 0.2859658896923065 25
1759131223287 0.28603050112724304 26
1759131228664 0.2860304117202759 27
1759131234743 0.28581759333610535 28
1759131242444 0.28585198521614075 29
1759131250058 0.2855231463909149 30
1759131257555 0.2854262888431549 31
1759131264945 0.2855638265609741 32
1759131272798 0.28539547324180603 33
1759131280657 0.2853585183620453 34
1759131288040 0.28534314036369324 35
1759131295416 0.28511765599250793 36
1759131300413 0.28505098819732666 37
1759131305811 0.2850136160850525 38
1759131311326 0.28510329127311707 39
1759131317231 0.2850663363933563 40
1759131323141 0.28456270694732666 41
1759131329036 0.28467288613319397 42
1759131334956 0.28435060381889343 43
1759131340498 0.28456079959869385 44
1759131346092 0.28460928797721863 45
1759131352101 0.28418251872062683 46
1759131357459 0.28431236743927 47
1759131362918 0.2839764356613159 48
1759131367836 0.2842303216457367 49
1759131372808 0.2839137613773346 50
1759131377921 0.28404685854911804 51
1759131382673 0.28387993574142456 52
1759131387948 0.2837510108947754 53
1759131392741 0.2839154899120331 54
1759131397791 0.28380975127220154 55
1759131403017 0.2837369740009308 56
1759131408016 0.2837581932544708 57
1759131412925 0.28331226110458374 58
1759131418136 0.2837340533733368 59
1759131423100 0.28352680802345276 60
1759131427668 0.28342267870903015 61
1759131434191 0.2834063172340393 62
1759131441075 0.2831611633300781 63
1759131448108 0.28311026096343994 64
1759131452804 0.2831991910934448 65
1759131458251 0.28286489844322205 66
1759131463738 0.2829544246196747 67
1759131469588 0.2828085720539093 68
1759131474909 0.2830752730369568 69
1759131480038 0.282818078994751 70
1759131485133 0.28251704573631287 71
1759131490418 0.28271713852882385 72
1759131495783 0.28241607546806335 73
1759131501138 0.2826082706451416 74
1759131507094 0.28269216418266296 75
1759131512371 0.2822789251804352 76
1759131517487 0.2823084592819214 77
1759131523052 0.2820011079311371 78
1759131528221 0.28228500485420227 79
1759131533137 0.282243549823761 80
1759131538267 0.28231433033943176 81
1759131543416 0.2819514870643616 82
1759131549321 0.28226086497306824 83
1759131554490 0.28217899799346924 84
1759131559766 0.2818956673145294 85
1759131565265 0.2816331684589386 86
1759131570860 0.2818678915500641 87
1759131575781 0.2818605899810791 88
1759131581461 0.2815704941749573 89
1759131586294 0.2816307246685028 90
1759131591576 0.28155389428138733 91
1759131597049 0.28173312544822693 92
1759131602304 0.2815975546836853 93
1759131608274 0.28170597553253174 94
1759131613144 0.28162169456481934 95
1759131618271 0.2814973294734955 96
1759131623248 0.2815365493297577 97
1759131628278 0.2814543843269348 98
1759131633260 0.2817254364490509 99
