1759131092341 0.3840317092546338 1
1759131097000 0.3818941389054631 2
1759131101736 0.3815078301282396 3
1759131106487 0.3814506049895055 4
1759131111704 0.3814042131243759 5
1759131116822 0.3813815523095467 6
1759131121872 0.38111714174396133 7
1759131127066 0.3808716796452337 8
1759131132049 0.3806384301595819 9
1759131137469 0.38021533994445855 10
1759131142853 0.3800189600468364 11
1759131148260 0.3797744164845138 12
1759131153059 0.3794891749962857 13
1759131158086 0.37956226230025325 14
1759131163394 0.3794251654198356 15
1759131168828 0.3793408172956636 16
1759131174164 0.37926631218990936 17
1759131179564 0.3791904759878939 18
1759131185005 0.3789188933475212 19
1759131190270 0.378758549168856 20
1759131195567 0.3786338731677493 21
1759131201208 0.3784943927994581 22
1759131207183 0.3782853220137866 23
1759131212720 0.37819348968165556 24
1759131218239 0.3780491563697022 25
1759131223269 0.3781106205247443 26
1759131228646 0.37807719976774906 27
1759131234725 0.3780053233082154 28
1759131242423 0.37795460542450954 29
1759131250039 0.377778646563173 30
1759131257535 0.37774724770735546 31
1759131264927 0.377628669820693 32
1759131272780 0.3777334014027937 33
1759131280638 0.3776713826655796 34
1759131288021 0.37756754160436967 35
1759131295396 0.3775374276825883 36
1759131300393 0.3774959431045003 37
1759131305789 0.37743339184620756 38
1759131311306 0.3774210540693069 39
1759131317211 0.37734190504045606 40
1759131323121 0.37715532878346325 41
1759131329016 0.37716607517306183 42
1759131334937 0.37702140782612115 43
1759131340477 0.3770728439993763 44
1759131346072 0.3770895202227524 45
1759131352082 0.37689748165582765 46
1759131357436 0.37692290268939643 47
1759131362897 0.3767233825424075 48
1759131367817 0.3767892748251879 49
1759131372786 0.37663180239839755 50
1759131377900 0.3767104479501097 51
1759131382653 0.3766634920430943 52
1759131387925 0.37665848755114506 53
1759131392720 0.37647976579791387 54
1759131397770 0.3765148916263089 55
1759131402997 0.3765401010460003 56
1759131407994 0.3763851373308785 57
1759131412906 0.3763204215926125 58
1759131418117 0.3764044568504861 59
1759131423079 0.37626818951967256 60
1759131427647 0.3763089382862825 61
1759131434171 0.37619572976790144 62
1759131441054 0.3760507881911013 63
1759131448087 0.3761018816675443 64
1759131452783 0.37610449657926864 65
1759131458231 0.37584479859338177 66
1759131463720 0.37586904202107385 67
1759131469568 0.37587290734538525 68
1759131474885 0.3758765545893123 69
1759131480015 0.37578609645835054 70
1759131485111 0.37571409898366853 71
1759131490397 0.375579386399575 72
1759131495763 0.3756069199309543 73
1759131501118 0.37562562491798146 74
1759131507071 0.3756385373613326 75
1759131512352 0.37541186047369574 76
1759131517467 0.37541112615552225 77
1759131523032 0.3753853645710336 78
1759131528196 0.3752129665274382 79
1759131533113 0.3753106896502104 80
1759131538248 0.37526379684560124 81
1759131543395 0.3752004763055739 82
1759131549301 0.3752729693962093 83
1759131554468 0.37527040825204194 84
1759131559745 0.3750884229997959 85
1759131565245 0.3750328804542021 86
1759131570839 0.3749796742652843 87
1759131575760 0.3749720841189683 88
1759131581440 0.374956247638376 89
1759131586273 0.37502247027786245 90
1759131591553 0.3749355022277362 91
1759131597029 0.3749369131110053 92
1759131602284 0.37486731645571436 93
1759131608252 0.3748934912425141 94
1759131613121 0.37486389789760144 95
1759131618249 0.3749426956897773 96
1759131623223 0.37493351505919736 97
1759131628256 0.3747940093761182 98
1759131633238 0.3749118144932508 99
