1759136486063 0.5329905229018015 1
1759136489910 0.35760813611833486 2
1759136494047 0.33421833780320254 3
1759136497897 0.32895922901875835 4
1759136502073 0.3271739823634134 5
1759136506353 0.3253851874786265 6
1759136510578 0.3240876993273987 7
1759136514632 0.32266932868343945 8
1759136518696 0.32177352116388436 9
1759136522784 0.32066789214663644 10
1759136526832 0.3195347976596916 11
1759136530873 0.31814109643592553 12
1759136535092 0.31735637258080873 13
1759136538959 0.3160885611877722 14
1759136543013 0.3154585615676992 15
1759136546843 0.31444784889326377 16
1759136550930 0.3129079289296094 17
1759136554911 0.31186248373021097 18
1759136559046 0.3111252211691702 19
1759136562993 0.3101337131331949 20
1759136566953 0.309018797295935 21
1759136571209 0.30833797321161804 22
1759136575742 0.3077614218654001 23
1759136579678 0.3071560146396651 24
1759136583778 0.30564645458670225 25
1759136587812 0.3049201725379509 26
