1759136486129 0.8173429147629028 1
1759136489979 0.8373733270543575 2
1759136494116 0.8559801852777189 3
1759136497974 0.8557609004338964 4
1759136502148 0.8563109099602052 5
1759136506427 0.8569759541586831 6
1759136510650 0.8567530744813554 7
1759136514711 0.8571808596684845 8
1759136518766 0.8571772648349791 9
1759136522860 0.8577847916973725 10
1759136526906 0.8587374225762734 11
1759136530946 0.8588596469154531 12
1759136535162 0.8593269752711403 13
1759136539032 0.8602688216495253 14
1759136543086 0.8600028039701342 15
1759136546914 0.8605276496619059 16
1759136551001 0.8609518400155297 17
1759136554986 0.8614623063732804 18
1759136559121 0.8612466163629632 19
1759136563070 0.8615737462119442 20
1759136567031 0.8614047890371958 21
1759136571280 0.8623106870805278 22
1759136575814 0.8622963077465067 23
1759136579754 0.8617930310557667 24
1759136583854 0.8625982737609508 25
1759136587890 0.8628966449418896 26
