1759136486178 0.015004361733061935 1
1759136490030 0.27523670677197654 2
1759136494170 0.5339506531879994 3
1759136498031 0.5376140868442888 4
1759136502200 0.5376135114812887 5
1759136506476 0.5334334029129629 6
1759136510701 0.528905492634715 7
1759136514766 0.5266130473637176 8
1759136518819 0.5248517030233449 9
1759136522915 0.5237114891465308 10
1759136526962 0.5250320303623661 11
1759136530998 0.5242353739518201 12
1759136535216 0.525223848001747 13
1759136539086 0.5280361349231405 14
1759136543140 0.5279286268425136 15
1759136546968 0.5298921604265115 16
1759136551056 0.5316284025961445 17
1759136555039 0.5341826620896388 18
1759136559177 0.5343804284887088 19
1759136563122 0.5358868975159397 20
1759136567087 0.5355946903081259 21
1759136571335 0.5412824259263694 22
1759136575869 0.5404750479846449 23
1759136579813 0.5395578337205682 24
1759136583910 0.5442274212396556 25
1759136587942 0.5440154947932234 26
