1759136486113 0.3722905218601227 1
1759136489962 0.22805985808372498 2
1759136494099 0.2129354476928711 3
1759136497952 0.2089853435754776 4
1759136502130 0.2078341543674469 5
1759136506409 0.20681285858154297 6
1759136510632 0.20618991553783417 7
1759136514690 0.20541492104530334 8
1759136518750 0.20507797598838806 9
1759136522841 0.20445945858955383 10
1759136526888 0.20379768311977386 11
1759136530929 0.2031850665807724 12
1759136535145 0.20285603404045105 13
1759136539015 0.2019931524991989 14
1759136543068 0.20192527770996094 15
1759136546896 0.20112770795822144 16
1759136550985 0.20032933354377747 17
1759136554968 0.1998225450515747 18
1759136559103 0.19936437904834747 19
1759136563051 0.198832169175148 20
1759136567010 0.1983262449502945 21
1759136571263 0.1980573683977127 22
1759136575796 0.19766731560230255 23
1759136579734 0.19733262062072754 24
1759136583836 0.19671735167503357 25
1759136587871 0.19633860886096954 26
