1759136486097 0.42024525455448397 1
1759136489945 0.3318328376791385 2
1759136494082 0.32218250011778843 3
1759136497932 0.320046349182576 4
1759136502110 0.3193043217771821 5
1759136506391 0.3186697003252252 6
1759136510614 0.31817663834120735 7
1759136514672 0.3177081274855317 8
1759136518732 0.3173077421171643 9
1759136522821 0.3168938259122784 10
1759136526868 0.3163007984337331 11
1759136530912 0.31582074091592677 12
1759136535128 0.3155642125163885 13
1759136538996 0.31489912828662153 14
1759136543048 0.3147196735841625 15
1759136546880 0.31417610571457166 16
1759136550966 0.3135091580470876 17
1759136554950 0.3130848537719018 18
1759136559085 0.3126364052616582 19
1759136563032 0.31224478790722165 20
1759136566990 0.3118955846770262 21
1759136571244 0.31147943981232584 22
1759136575778 0.31130353047902165 23
1759136579714 0.3110837434340529 24
1759136583817 0.3105723652484781 25
1759136587851 0.31013373718423687 26
