1759136486162 0.007837657208821921 1
1759136490013 0.17396763675395427 2
1759136494151 0.46479129959292786 3
1759136498011 0.47240618101545256 4
1759136502182 0.47060372238086556 5
1759136506460 0.4606193166859064 6
1759136510684 0.45302468760759057 7
1759136514749 0.4475363023269944 8
1759136518803 0.4443971889746238 9
1759136522896 0.44048848654231726 10
1759136526945 0.43986066387184314 11
1759136530982 0.4380784575814651 12
1759136535198 0.43836199040038887 13
1759136539068 0.44036697247706424 14
1759136543120 0.4410150474917472 15
1759136546951 0.44283775847054296 16
1759136551038 0.4445794600725034 17
1759136555022 0.4475160499827855 18
1759136559160 0.4485691718816453 19
1759136563106 0.45022986410677035 20
1759136567069 0.4502501164509792 21
1759136571315 0.45766247443141544 22
1759136575850 0.45622455799258765 23
1759136579793 0.4562043056483788 24
1759136583890 0.4621584948457784 25
1759136587926 0.4607610830953683 26
