1759136486146 0.17527173913043478 1
1759136489996 0.658641312682104 2
1759136494133 0.6272891269884655 3
1759136497991 0.6237065162170111 4
1759136502165 0.6268749325563828 5
1759136506442 0.6335905507424019 6
1759136510666 0.6353205146411429 7
1759136514730 0.6396318166029872 8
1759136518783 0.6408773620724905 9
1759136522878 0.6457071606697542 10
1759136526927 0.6511077135233984 11
1759136530963 0.6525779105198057 12
1759136535180 0.655015887426237 13
1759136539051 0.6592886813619963 14
1759136543105 0.6575077749932063 15
1759136546932 0.6595481555213706 16
1759136551020 0.6610654380100581 17
1759136555005 0.6624793883975416 18
1759136559140 0.6607894030251499 19
1759136563087 0.6617944748749702 20
1759136567050 0.6608602598020273 21
1759136571298 0.662290085284722 22
1759136575831 0.6628902686637437 23
1759136579774 0.6601799478327129 24
1759136583872 0.6617369870958387 25
1759136587908 0.6639913611954238 26
