1759130921332 0.36528836282547616 1
1759130926752 0.33672432221725873 2
1759130932114 0.3286571441408463 3
1759130937243 0.3241923408241807 4
1759130942447 0.32225493070941075 5
1759130947807 0.3201064837697239 6
1759130952896 0.31863870908332287 7
1759130958171 0.31744413989447845 8
1759130963489 0.3157878063941287 9
1759130968549 0.3145588832018895 10
1759130973982 0.31086940240892885 11
1759130979138 0.3072869340651827 12
1759130984627 0.3033904400761235 13
1759130989759 0.29894146527460985 14
1759130995043 0.295791575131662 15
1759131000272 0.29258714178996886 16
1759131005646 0.2896668814198074 17
1759131010742 0.28738536539709447 18
1759131016045 0.2859910688437556 19
1759131021226 0.2839073259811831 20
1759131026357 0.2828674424429387 21
1759131031646 0.2808987362843209 22
1759131036672 0.2802223553735396 23
1759131041884 0.2789631534055931 24
1759131047167 0.27723226957400127 25
1759131052644 0.27651351220090126 26
1759131057767 0.2754426636932745 27
1759131062993 0.27454626399821497 28
1759131067959 0.27290116567181794 29
1759131073188 0.2718172333140711 30
1759131078581 0.2717685495480114 31
1759131083444 0.27063959937032034 32
