1759130921446 0.4204153428692202 1
1759130926896 0.4613204798855902 2
1759130932233 0.4779136868706605 3
1759130937363 0.4838994724120904 4
1759130942571 0.4873503032816631 5
1759130947929 0.4874496235534995 6
1759130953017 0.4926440223002271 7
1759130958293 0.4932224156832398 8
1759130963611 0.49558159577068034 9
1759130968673 0.5033843643641093 10
1759130974102 0.5128811512528932 11
1759130979260 0.5188465088432659 12
1759130984751 0.5267848350566224 13
1759130989886 0.5404800846642294 14
1759130995183 0.5481211428026783 15
1759131000403 0.5561867942764197 16
1759131005773 0.5623225655704188 17
1759131010868 0.5640208439957195 18
1759131016169 0.5677002524141445 19
1759131021350 0.5724959194464241 20
1759131026482 0.576732985493951 21
1759131031769 0.5806827795943567 22
1759131036799 0.5807046922524862 23
1759131042009 0.5859591059527588 24
1759131047317 0.5872324990932172 25
1759131052772 0.5907101606208266 26
1759131057893 0.5946736245445139 27
1759131063120 0.5966876865420435 28
1759131068089 0.5975040402226612 29
1759131073318 0.601846773742235 30
1759131078717 0.6023851757644723 31
1759131083572 0.602555090655509 32
