1759130921413 0.6434056761268782 1
1759130926848 0.6663478826364715 2
1759130932198 0.6697334793720335 3
1759130937332 0.675164086013707 4
1759130942537 0.6768062205262968 5
1759130947894 0.676741508347726 6
1759130952983 0.678986873465903 7
1759130958260 0.6790610128560267 8
1759130963577 0.6791228936050201 9
1759130968639 0.6791758392955421 10
1759130974069 0.6768485009462466 11
1759130979224 0.6753579894145534 12
1759130984718 0.67156262749898 13
1759130989852 0.6653145817912657 14
1759130995143 0.6656538472668345 15
1759131000367 0.6652756238545044 16
1759131005736 0.6644762272902976 17
1759131010834 0.6625222024866785 18
1759131016135 0.6627646056935845 19
1759131021316 0.6619441269503734 20
1759131026447 0.6647721264671672 21
1759131031735 0.6667279266979967 22
1759131036765 0.6636463052648024 23
1759131041974 0.6653367995675787 24
1759131047281 0.6668211187479085 25
1759131052736 0.6666412077700552 26
1759131057857 0.6686562634361011 27
1759131063085 0.6689898100389986 28
1759131068055 0.6700732499307775 29
1759131073282 0.6726881505204163 30
1759131078677 0.6705911574764034 31
1759131083537 0.6708904790300139 32
