1759135918732 0.0001214599485819551 1
1759135925426 0.0 2
1759135932258 0.0 3
1759135939075 0.0 4
1759135945792 0.0 5
1759135952491 0.0 6
1759135959192 0.0 7
1759135965543 0.0 8
1759135972215 0.0 9
1759135979004 0.0 10
1759135985303 0.0 11
1759135991703 0.0 12
1759135998110 0.0 13
1759136004785 0.0 14
1759136011335 0.0 15
1759136017755 0.0 16
1759136024086 0.0 17
1759136030646 0.0 18
1759136037718 0.0 19
1759136044255 0.0 20
1759136050720 0.0 21
1759136057321 0.0 22
1759136063643 0.0 23
1759136070008 0.0 24
1759136076524 0.0 25
1759136082838 0.0 26
1759136089215 0.0 27
1759136095983 0.0 28
1759136102266 0.0 29
1759136109111 0.0 30
1759136115370 0.0 31
1759136122135 0.0 32
1759136128531 0.0 33
1759136134856 0.0 34
1759136141921 0.0 35
1759136148202 0.0 36
