1759135918615 0.4731378525550363 1
1759135925302 0.46915382048133986 2
1759135932135 0.46843005265790383 3
1759135938948 0.46805431054289887 4
1759135945669 0.4676252017628741 5
1759135952366 0.4675958249803629 6
1759135959070 0.46753503697501925 7
1759135965420 0.46747019403059764 8
1759135972088 0.46743432508495386 9
1759135978870 0.46734581348977183 10
1759135985180 0.46724250386259153 11
1759135991580 0.46725008965032083 12
1759135997983 0.4673840990829819 13
1759136004659 0.4671836555511335 14
1759136011206 0.46719671506177646 15
1759136017630 0.4671999902876562 16
1759136023955 0.46720417318205937 17
1759136030519 0.4671649222074568 18
1759136037583 0.4671545495324543 19
1759136044127 0.46723316230133466 20
1759136050595 0.4671866056863167 21
1759136057194 0.46708378435661735 22
1759136063518 0.4672400135317305 23
1759136069881 0.46714516792861055 24
1759136076392 0.467135914828433 25
1759136082710 0.46713921819790416 26
1759136089085 0.46718368193318016 27
1759136095844 0.4671182385555845 28
1759136102130 0.4671505682218371 29
1759136108971 0.4670978322172779 30
1759136115233 0.46715178160406406 31
1759136121998 0.46703775070792725 32
1759136128396 0.4671384672863064 33
1759136134724 0.4671364513936126 34
1759136141771 0.4671042881213752 35
1759136148069 0.4671019718613006 36
