1759135918699 0.13636363636363635 1
1759135925390 0.0 2
1759135932222 0.0 3
1759135939041 0.0 4
1759135945756 0.0 5
1759135952456 0.0 6
1759135959158 0.0 7
1759135965509 0.0 8
1759135972178 0.0 9
1759135978968 0.0 10
1759135985268 0.0 11
1759135991669 0.0 12
1759135998076 0.0 13
1759136004751 0.0 14
1759136011298 0.0 15
1759136017721 0.0 16
1759136024048 0.0 17
1759136030610 0.0 18
1759136037681 0.0 19
1759136044219 0.0 20
1759136050685 0.0 21
1759136057286 0.0 22
1759136063607 0.0 23
1759136069973 0.0 24
1759136076488 0.0 25
1759136082802 0.0 26
1759136089177 0.0 27
1759136095943 0.0 28
1759136102230 0.0 29
1759136109072 0.0 30
1759136115332 0.0 31
1759136122099 0.0 32
1759136128495 0.0 33
1759136134819 0.0 34
1759136141883 0.0 35
1759136148166 0.0 36
