1759135918715 6.075703262652652e-05 1
1759135925408 0.0 2
1759135932241 0.0 3
1759135939058 0.0 4
1759135945773 0.0 5
1759135952474 0.0 6
1759135959175 0.0 7
1759135965526 0.0 8
1759135972198 0.0 9
1759135978986 0.0 10
1759135985286 0.0 11
1759135991687 0.0 12
1759135998093 0.0 13
1759136004767 0.0 14
1759136011316 0.0 15
1759136017738 0.0 16
1759136024066 0.0 17
1759136030628 0.0 18
1759136037698 0.0 19
1759136044237 0.0 20
1759136050702 0.0 21
1759136057304 0.0 22
1759136063625 0.0 23
1759136069990 0.0 24
1759136076506 0.0 25
1759136082820 0.0 26
1759136089196 0.0 27
1759136095965 0.0 28
1759136102250 0.0 29
1759136109091 0.0 30
1759136115352 0.0 31
1759136122116 0.0 32
1759136128513 0.0 33
1759136134837 0.0 34
1759136141900 0.0 35
1759136148184 0.0 36
