1759135918650 0.384757162862758 1
1759135925339 0.38274645722242717 2
1759135932170 0.38244985413799776 3
1759135938986 0.38227393744135596 4
1759135945703 0.3821233267880071 5
1759135952402 0.3821100095292436 6
1759135959106 0.3821007671178282 7
1759135965458 0.3820455614775455 8
1759135972125 0.38205072942268986 9
1759135978906 0.38199885178313525 10
1759135985215 0.38198178523011944 11
1759135991616 0.3819905819143812 12
1759135998020 0.3820041568876947 13
1759136004696 0.3819716619658185 14
1759136011244 0.38195395048430314 15
1759136017668 0.3819473377272327 16
1759136023994 0.38194209035475474 17
1759136030555 0.3819354578849072 18
1759136037625 0.3819309321334903 19
1759136044165 0.3819643082896089 20
1759136050630 0.38192451405784883 21
1759136057232 0.3819259381386542 22
1759136063554 0.38195711052247594 23
1759136069918 0.3819330389554767 24
1759136076432 0.3819237142293144 25
1759136082748 0.381919637028558 26
1759136089122 0.38192898136202935 27
1759136095885 0.38192722565919535 28
1759136102170 0.3819331950159023 29
1759136109014 0.38192646485212745 30
1759136115272 0.381915442733557 31
1759136122039 0.38191031197517417 32
1759136128436 0.3819194809625924 33
1759136134763 0.38191107281442027 34
1759136141815 0.38191727652401514 35
1759136148110 0.3819160279867875 36
