1759135918666 0.29803383350372314 1
1759135925357 0.29432108998298645 2
1759135932186 0.29357028007507324 3
1759135939004 0.2933279275894165 4
1759135945722 0.292856901884079 5
1759135952421 0.292856365442276 6
1759135959123 0.2926958501338959 7
1759135965476 0.29259711503982544 8
1759135972142 0.29266300797462463 9
1759135978923 0.29248180985450745 10
1759135985233 0.2924855649471283 11
1759135991633 0.2923595905303955 12
1759135998039 0.2925611734390259 13
1759136004715 0.2922390103340149 14
1759136011262 0.29240477085113525 15
1759136017686 0.2922455370426178 16
1759136024013 0.2922379970550537 17
1759136030572 0.29228824377059937 18
1759136037643 0.29215970635414124 19
1759136044183 0.2922990620136261 20
1759136050649 0.292206346988678 21
1759136057250 0.2921335995197296 22
1759136063572 0.2921946942806244 23
1759136069936 0.29217904806137085 24
1759136076452 0.2921266555786133 25
1759136082767 0.29210084676742554 26
1759136089140 0.29225027561187744 27
1759136095904 0.292145311832428 28
1759136102190 0.29214322566986084 29
1759136109034 0.2921511232852936 30
1759136115291 0.29214122891426086 31
1759136122058 0.2922348976135254 32
1759136128456 0.29202568531036377 33
1759136134782 0.29214268922805786 34
1759136141840 0.29218804836273193 35
1759136148128 0.2921294569969177 36
