1759135918682 0.8224403886733986 1
1759135925373 0.8224979060094831 2
1759135932206 0.8224979060094831 3
1759135939021 0.8224979060094831 4
1759135945740 0.8224979060094831 5
1759135952439 0.8224979060094831 6
1759135959141 0.8224979060094831 7
1759135965492 0.8224979060094831 8
1759135972159 0.8224979060094831 9
1759135978943 0.8224979060094831 10
1759135985251 0.8224979060094831 11
1759135991652 0.8224979060094831 12
1759135998056 0.8224979060094831 13
1759136004734 0.8224979060094831 14
1759136011281 0.8224979060094831 15
1759136017703 0.8224979060094831 16
1759136024030 0.8224979060094831 17
1759136030590 0.8224979060094831 18
1759136037664 0.8224979060094831 19
1759136044200 0.8224979060094831 20
1759136050666 0.8224979060094831 21
1759136057268 0.8224979060094831 22
1759136063590 0.8224979060094831 23
1759136069956 0.8224979060094831 24
1759136076470 0.8224979060094831 25
1759136082783 0.8224979060094831 26
1759136089159 0.8224979060094831 27
1759136095923 0.8224979060094831 28
1759136102210 0.8224979060094831 29
1759136109053 0.8224979060094831 30
1759136115312 0.8224979060094831 31
1759136122077 0.8224979060094831 32
1759136128474 0.8224979060094831 33
1759136134801 0.8224979060094831 34
1759136141862 0.8224979060094831 35
1759136148148 0.8224979060094831 36
