1759136156102 0.007837657208821921 1
1759136159770 0.17396763675395427 2
1759136164050 0.46479129959292786 3
1759136168285 0.47240618101545256 4
1759136172298 0.47060372238086556 5
1759136176383 0.4606193166859064 6
1759136180724 0.45302468760759057 7
1759136184813 0.4475363023269944 8
1759136188846 0.4443971889746238 9
1759136192812 0.44048848654231726 10
1759136197354 0.43986066387184314 11
1759136201185 0.4380784575814651 12
1759136205202 0.43836199040038887 13
1759136209208 0.44036697247706424 14
1759136213234 0.4410150474917472 15
1759136217454 0.44283775847054296 16
1759136221955 0.4445794600725034 17
1759136225903 0.4475160499827855 18
1759136229888 0.4485691718816453 19
1759136233820 0.45022986410677035 20
1759136238093 0.4502501164509792 21
1759136242322 0.45766247443141544 22
1759136246860 0.45622455799258765 23
1759136250806 0.4562043056483788 24
1759136254788 0.4621584948457784 25
1759136259147 0.4607610830953683 26
