1759136156086 0.17527173913043478 1
1759136159753 0.658641312682104 2
1759136164033 0.6272891269884655 3
1759136168265 0.6237065162170111 4
1759136172278 0.6268749325563828 5
1759136176364 0.6335905507424019 6
1759136180708 0.6353205146411429 7
1759136184796 0.6396318166029872 8
1759136188826 0.6408773620724905 9
1759136192794 0.6457071606697542 10
1759136197336 0.6511077135233984 11
1759136201167 0.6525779105198057 12
1759136205184 0.655015887426237 13
1759136209190 0.6592886813619963 14
1759136213218 0.6575077749932063 15
1759136217436 0.6595481555213706 16
1759136221937 0.6610654380100581 17
1759136225885 0.6624793883975416 18
1759136229870 0.6607894030251499 19
1759136233802 0.6617944748749702 20
1759136238075 0.6608602598020273 21
1759136242305 0.662290085284722 22
1759136246841 0.6628902686637437 23
1759136250788 0.6601799478327129 24
1759136254769 0.6617369870958387 25
1759136259130 0.6639913611954238 26
