1759136156006 0.5329905229018015 1
1759136159668 0.35760813611833486 2
1759136163946 0.33421833780320254 3
1759136168174 0.32895922901875835 4
1759136172190 0.3271739823634134 5
1759136176268 0.3253851874786265 6
1759136180622 0.3240876993273987 7
1759136184708 0.32266932868343945 8
1759136188722 0.32177352116388436 9
1759136192706 0.32066789214663644 10
1759136197248 0.3195347976596916 11
1759136201074 0.31814109643592553 12
1759136205096 0.31735637258080873 13
1759136209096 0.3160885611877722 14
1759136213126 0.3154585615676992 15
1759136217348 0.31444784889326377 16
1759136221844 0.3129079289296094 17
1759136225795 0.31186248373021097 18
1759136229779 0.3111252211691702 19
1759136233712 0.3101337131331949 20
1759136237983 0.309018797295935 21
1759136242215 0.30833797321161804 22
1759136246746 0.3077614218654001 23
1759136250696 0.3071560146396651 24
1759136254674 0.30564645458670225 25
1759136259038 0.3049201725379509 26
