1759136156118 0.015004361733061935 1
1759136159786 0.27523670677197654 2
1759136164066 0.5339506531879994 3
1759136168305 0.5376140868442888 4
1759136172315 0.5376135114812887 5
1759136176402 0.5334334029129629 6
1759136180742 0.528905492634715 7
1759136184831 0.5266130473637176 8
1759136188866 0.5248517030233449 9
1759136192830 0.5237114891465308 10
1759136197371 0.5250320303623661 11
1759136201204 0.5242353739518201 12
1759136205218 0.525223848001747 13
1759136209228 0.5280361349231405 14
1759136213253 0.5279286268425136 15
1759136217470 0.5298921604265115 16
1759136221973 0.5316284025961445 17
1759136225920 0.5341826620896388 18
1759136229905 0.5343804284887088 19
1759136233838 0.5358868975159397 20
1759136238114 0.5355946903081259 21
1759136242341 0.5412824259263694 22
1759136246878 0.5404750479846449 23
1759136250824 0.5395578337205682 24
1759136254806 0.5442274212396556 25
1759136259165 0.5440154947932234 26
