1759136156038 0.42024525455448397 1
1759136159703 0.3318328376791385 2
1759136163980 0.32218250011778843 3
1759136168211 0.320046349182576 4
1759136172226 0.3193043217771821 5
1759136176306 0.3186697003252252 6
1759136180657 0.31817663834120735 7
1759136184745 0.3177081274855317 8
1759136188768 0.3173077421171643 9
1759136192742 0.3168938259122784 10
1759136197284 0.3163007984337331 11
1759136201115 0.31582074091592677 12
1759136205133 0.3155642125163885 13
1759136209135 0.31489912828662153 14
1759136213163 0.3147196735841625 15
1759136217383 0.31417610571457166 16
1759136221883 0.3135091580470876 17
1759136225832 0.3130848537719018 18
1759136229816 0.3126364052616582 19
1759136233750 0.31224478790722165 20
1759136238021 0.3118955846770262 21
1759136242252 0.31147943981232584 22
1759136246784 0.31130353047902165 23
1759136250735 0.3110837434340529 24
1759136254712 0.3105723652484781 25
1759136259074 0.31013373718423687 26
