1759136156070 0.8173429147629028 1
1759136159736 0.8373733270543575 2
1759136164015 0.8559801852777189 3
1759136168248 0.8557609004338964 4
1759136172260 0.8563109099602052 5
1759136176343 0.8569759541586831 6
1759136180691 0.8567530744813554 7
1759136184779 0.8571808596684845 8
1759136188806 0.8571772648349791 9
1759136192778 0.8577847916973725 10
1759136197320 0.8587374225762734 11
1759136201150 0.8588596469154531 12
1759136205166 0.8593269752711403 13
1759136209171 0.8602688216495253 14
1759136213200 0.8600028039701342 15
1759136217420 0.8605276496619059 16
1759136221918 0.8609518400155297 17
1759136225867 0.8614623063732804 18
1759136229850 0.8612466163629632 19
1759136233785 0.8615737462119442 20
1759136238056 0.8614047890371958 21
1759136242287 0.8623106870805278 22
1759136246822 0.8622963077465067 23
1759136250770 0.8617930310557667 24
1759136254750 0.8625982737609508 25
1759136259111 0.8628966449418896 26
