1759136156053 0.3722905218601227 1
1759136159720 0.22805985808372498 2
1759136163998 0.2129354476928711 3
1759136168231 0.2089853435754776 4
1759136172243 0.2078341543674469 5
1759136176324 0.20681285858154297 6
1759136180673 0.20618991553783417 7
1759136184762 0.20541492104530334 8
1759136188786 0.20507797598838806 9
1759136192760 0.20445945858955383 10
1759136197303 0.20379768311977386 11
1759136201132 0.2031850665807724 12
1759136205150 0.20285603404045105 13
1759136209153 0.2019931524991989 14
1759136213182 0.20192527770996094 15
1759136217401 0.20112770795822144 16
1759136221901 0.20032933354377747 17
1759136225850 0.1998225450515747 18
1759136229833 0.19936437904834747 19
1759136233767 0.198832169175148 20
1759136238039 0.1983262449502945 21
1759136242271 0.1980573683977127 22
1759136246803 0.19766731560230255 23
1759136250752 0.19733262062072754 24
1759136254732 0.19671735167503357 25
1759136259092 0.19633860886096954 26
