1759130921383 0.2251090407371521 1
1759130926807 0.2098320722579956 2
1759130932165 0.2063215672969818 3
1759130937297 0.20414084196090698 4
1759130942503 0.20332269370555878 5
1759130947861 0.20235222578048706 6
1759130952949 0.201649010181427 7
1759130958225 0.20107172429561615 8
1759130963542 0.20021340250968933 9
1759130968603 0.19914036989212036 10
1759130974035 0.19711631536483765 11
1759130979191 0.19538813829421997 12
1759130984683 0.19316446781158447 13
1759130989816 0.19074441492557526 14
1759130995104 0.18942134082317352 15
1759131000328 0.18749083578586578 16
1759131005701 0.18608111143112183 17
1759131010796 0.18524806201457977 18
1759131016099 0.1844344437122345 19
1759131021282 0.18309326469898224 20
1759131026412 0.18241040408611298 21
1759131031701 0.18135777115821838 22
1759131036727 0.18102365732192993 23
1759131041939 0.18011046946048737 24
1759131047233 0.1794338971376419 25
1759131052698 0.17882418632507324 26
1759131057821 0.17815625667572021 27
1759131063049 0.1773933619260788 28
1759131068019 0.17662017047405243 29
1759131073246 0.17590799927711487 30
1759131078639 0.17578770220279694 31
1759131083499 0.17512919008731842 32
