1759130921365 0.3344784924074543 1
1759130926787 0.3229814382422079 2
1759130932148 0.32033365458901725 3
1759130937282 0.3189237775382822 4
1759130942485 0.3182857638953335 5
1759130947844 0.317680184362828 6
1759130952932 0.31710211445498326 7
1759130958207 0.31670199806765315 8
1759130963525 0.3160805615451838 9
1759130968586 0.31512007265956016 10
1759130974018 0.3134831935858595 11
1759130979174 0.31204994695785554 12
1759130984666 0.3102075294170804 13
1759130989799 0.30829751004213635 14
1759130995080 0.3070831022084857 15
1759131000310 0.30564068592126115 16
1759131005683 0.30439493609472773 17
1759131010779 0.303753901935366 18
1759131016081 0.3031353786500773 19
1759131021264 0.30196886798833045 20
1759131026396 0.30134089535076414 21
1759131031683 0.30061695020688056 22
1759131036709 0.30032946357093343 23
1759131041921 0.2995470661092878 24
1759131047206 0.29890100674933473 25
1759131052679 0.29846539641613007 26
1759131057804 0.29792422049400336 27
1759131063031 0.29735254478177087 28
1759131068000 0.2966386582091109 29
1759131073224 0.2960767932354382 30
1759131078620 0.295871141641437 31
1759131083481 0.2954232835611486 32
