1759130921397 0.8472016018578099 1
1759130926827 0.8537621730049573 2
1759130932183 0.8559226679416343 3
1759130937315 0.8572275925040532 4
1759130942521 0.8578099555319095 5
1759130947878 0.8578135503654148 6
1759130952965 0.8586727155731783 7
1759130958243 0.8587482070767892 8
1759130963558 0.8590286040902015 9
1759130968621 0.8599488814675549 10
1759130974052 0.8607936673412971 11
1759130979208 0.8613257027000795 12
1759130984700 0.8618002207227772 13
1759130989835 0.8626414117630142 14
1759130995124 0.8636551548115049 15
1759131000346 0.8646401391919534 16
1759131005719 0.865326752391463 17
1759131010816 0.8652584505548625 18
1759131016118 0.8657832962466343 19
1759131021298 0.8663009522713956 20
1759131026428 0.8673111004863809 21
1759131031717 0.8681558863601232 22
1759131036745 0.8676849631709307 23
1759131041956 0.868680732051895 24
1759131047264 0.8690905430714977 25
1759131052717 0.8695578714271849 26
1759131057839 0.8704422004694853 27
1759131063068 0.8707873044859927 28
1759131068036 0.8710748911664157 29
1759131073265 0.872120987716454 30
1759131078658 0.8718765390380945 31
1759131083518 0.8719484357082001 32
