1759130921429 0.31221013832351097 1
1759130926875 0.35277558377382184 2
1759130932215 0.37150900216700083 3
1759130937348 0.37707839682443245 4
1759130942552 0.3807643234704417 5
1759130947911 0.3809060898799036 6
1759130953000 0.3865564939141706 7
1759130958276 0.3872450736172712 8
1759130963593 0.39014115883913564 9
1759130968657 0.39988253640358873 10
1759130974086 0.41286428904145656 11
1759130979243 0.4212285071997084 12
1759130984735 0.43335966138080484 13
1759130989869 0.4550904267168925 14
1759130995163 0.4658646738359965 15
1759131000385 0.4778338092634222 16
1759131005755 0.48739291572999577 17
1759131010850 0.4910180853433785 18
1759131016152 0.49648621827976586 19
1759131021332 0.5043441278327967 20
1759131026464 0.5092856998197541 21
1759131031752 0.514308281183547 22
1759131036782 0.5161917491949694 23
1759131041991 0.5235028454543613 24
1759131047298 0.5246167243858476 25
1759131052754 0.5303076331085324 26
1759131057875 0.5354314761933694 27
1759131063102 0.5384895801689046 28
1759131068072 0.5391174028393787 29
1759131073300 0.5445045263989307 30
1759131078695 0.546772788950321 31
1759131083553 0.5468537983271564 32
