1759135170756 0.2655058205127716 1
1759135176319 0.24017907679080963 2
1759135181694 0.23567436635494232 3
1759135187926 0.2336546778678894 4
1759135193869 0.23245079815387726 5
1759135199674 0.23187373578548431 6
1759135205623 0.2313058227300644 7
1759135212016 0.23076586425304413 8
1759135218066 0.22970855236053467 9
1759135224079 0.22954218089580536 10
1759135229988 0.2289256751537323 11
1759135235436 0.22875885665416718 12
1759135241561 0.22842654585838318 13
1759135247844 0.22810938954353333 14
1759135253945 0.2278108298778534 15
1759135260006 0.22728149592876434 16
1759135266044 0.22689129412174225 17
1759135272014 0.22708268463611603 18
1759135278076 0.22647970914840698 19
1759135284120 0.22658288478851318 20
1759135289404 0.22650371491909027 21
1759135295112 0.22604399919509888 22
1759135300872 0.22635528445243835 23
1759135306421 0.2259829044342041 24
1759135312040 0.22609840333461761 25
1759135317451 0.22579611837863922 26
1759135322713 0.22594211995601654 27
1759135328192 0.22560769319534302 28
1759135333686 0.2254573404788971 29
1759135338992 0.22555871307849884 30
1759135344596 0.22544817626476288 31
1759135349863 0.225174680352211 32
1759135355462 0.22535893321037292 33
1759135360903 0.22501346468925476 34
1759135366334 0.22504864633083344 35
1759135371918 0.22488664090633392 36
1759135377403 0.22463519871234894 37
1759135382916 0.2248106598854065 38
1759135388227 0.224381223320961 39
1759135393718 0.22475184500217438 40
1759135398914 0.22421568632125854 41
1759135404354 0.22423233091831207 42
1759135409598 0.22425512969493866 43
1759135415043 0.2238493412733078 44
1759135421047 0.223613902926445 45
1759135428314 0.2235291749238968 46
1759135435898 0.2234451174736023 47
1759135442632 0.22347389161586761 48
1759135447946 0.22304992377758026 49
1759135454502 0.22321169078350067 50
1759135459747 0.22288911044597626 51
1759135465205 0.22270557284355164 52
1759135470714 0.22263140976428986 53
1759135476076 0.22244717180728912 54
1759135481578 0.2224930375814438 55
1759135486914 0.22223307192325592 56
1759135492099 0.2219640463590622 57
1759135497755 0.2218114286661148 58
1759135503292 0.22173228859901428 59
1759135508649 0.22166423499584198 60
1759135514198 0.22145991027355194 61
1759135519884 0.22140271961688995 62
1759135525876 0.22124631702899933 63
1759135531344 0.22100934386253357 64
1759135537174 0.2207096964120865 65
1759135542679 0.22059227526187897 66
1759135548089 0.2206171303987503 67
1759135553862 0.22050747275352478 68
1759135559364 0.22041502594947815 69
1759135565142 0.22026728093624115 70
1759135570505 0.21996183693408966 71
1759135576426 0.2199576050043106 72
1759135581834 0.2198391705751419 73
1759135587438 0.21980389952659607 74
1759135592837 0.2193765938282013 75
1759135598168 0.219612717628479 76
1759135603555 0.21919555962085724 77
1759135608976 0.2190537005662918 78
1759135614783 0.2188677042722702 79
1759135620135 0.21877628564834595 80
1759135625736 0.2187318205833435 81
1759135631627 0.2187732607126236 82
1759135637045 0.21858537197113037 83
1759135642371 0.21829144656658173 84
1759135648086 0.21826113760471344 85
1759135653362 0.2179948091506958 86
1759135658936 0.21815381944179535 87
1759135664319 0.2181149423122406 88
1759135669661 0.21806585788726807 89
1759135675350 0.21783161163330078 90
1759135680702 0.21785470843315125 91
1759135686086 0.2177855521440506 92
1759135691458 0.21764042973518372 93
1759135696780 0.2176782637834549 94
1759135702126 0.2175120860338211 95
1759135707484 0.21756690740585327 96
1759135713172 0.21764884889125824 97
1759135718639 0.21782401204109192 98
1759135723880 0.2174118459224701 99
1759135729270 0.2175557017326355 100
