1759135170806 0.06417967879782084 1
1759135176371 0.23968649371164713 2
1759135181746 0.271907973347915 3
1759135187982 0.28320878141644895 4
1759135193923 0.29214006521254837 5
1759135199728 0.2916337566073273 6
1759135205674 0.2962310387427345 7
1759135212070 0.29687911375741743 8
1759135218132 0.3002815075845029 9
1759135224135 0.30299532170848775 10
1759135230040 0.3081596694817425 11
1759135235489 0.30516232253883385 12
1759135241617 0.30722806164813576 13
1759135247898 0.3100836421815825 14
1759135253999 0.30943556716689957 15
1759135260062 0.31073171719626547 16
1759135266096 0.3149847094801223 17
1759135272073 0.31571379387164067 18
1759135278128 0.3166251493610385 19
1759135284175 0.31668590639366506 20
1759135289456 0.3120481195698402 21
1759135295164 0.31887315956822004 22
1759135300925 0.31536950402009034 23
1759135306476 0.3149239524474958 24
1759135312094 0.31700994390100656 25
1759135317506 0.31739473844097454 26
1759135322768 0.31715171031046846 27
1759135328246 0.3155922798063876 28
1759135333744 0.31858962674929625 29
1759135339051 0.31816432752091056 30
1759135344657 0.3163011118536971 31
1759135349922 0.31915669238714384 32
1759135355517 0.31571379387164067 33
1759135360962 0.3190959353545173 34
1759135366393 0.3222755533953055 35
1759135371981 0.3223970674605586 36
1759135377461 0.31931871114081456 37
1759135382976 0.3215464690037872 38
1759135388289 0.3203920853838832 39
1759135393777 0.3186706361261316 40
1759135398972 0.32249832918160276 41
1759135404414 0.3254754237803026 42
1759135409657 0.32016930959758594 43
1759135415104 0.3227616096563177 44
1759135421104 0.32381473155517754 45
1759135428373 0.32478684407720193 46
1759135435959 0.32569819956659984 47
1759135442692 0.32180974947850216 48
1759135448009 0.32695384490754803 49
1759135454565 0.325677947222391 50
1759135459805 0.3265082933349535 51
1759135465266 0.32667031208862424 52
1759135470775 0.3289385746400146 53
1759135476137 0.32944488324523563 54
1759135481638 0.32695384490754803 55
1759135486972 0.33066002389776616 56
1759135492160 0.3314903700103287 57
1759135497816 0.33049800514409544 58
1759135503351 0.3303359863904247 59
1759135508708 0.3319764262713409 60
1759135514256 0.33402191303643397 61
1759135519943 0.3334548473985864 62
1759135525937 0.33294853879336533 63
1759135531410 0.33428519351114894 64
1759135537242 0.3358243716710209 65
1759135542747 0.33708001701196916 66
1759135548161 0.3347712497721611 67
1759135553928 0.33675597950462766 68
1759135559432 0.337100269356178 69
1759135565212 0.3366749701277923 70
1759135570574 0.3397128217591186 71
1759135576497 0.33762683030560786 72
1759135581906 0.3391255037770622 73
1759135587506 0.33920651315389755 74
1759135592907 0.3426899163578184 75
1759135598236 0.34113048585373756 76
1759135603626 0.34159628977054096 77
1759135609062 0.3442493468618993 78
1759135614850 0.34607205784069506 79
1759135620203 0.34327723433987484 80
1759135625807 0.3458695343986066 81
1759135631701 0.34578852502177126 82
1759135637119 0.34495817890920877 83
1759135642439 0.34726694614901676 84
1759135648154 0.3452214593839237 85
1759135653438 0.34795552585211736 86
1759135659008 0.34769224537740245 87
1759135664389 0.34971747979828666 88
1759135669729 0.34680114223221337 89
1759135675420 0.34740871255847866 90
1759135680778 0.3490491524393949 91
1759135686159 0.3499402555845839 92
1759135691522 0.34937318994673633 93
1759135696841 0.3493124329141098 94
1759135702188 0.3490491524393949 95
1759135707544 0.34750997427952285 96
1759135713241 0.35056807825505804 97
1759135718702 0.35143892905603824 98
1759135723942 0.3486238532110092 99
1759135729334 0.35101362982765255 100
