1759135170788 0.6684243830415524 1
1759135176354 0.6831563149388132 2
1759135181728 0.681419073237578 3
1759135187964 0.6860282574568289 4
1759135193905 0.6827755952099209 5
1759135199711 0.6860736576301872 6
1759135205656 0.6816571907913133 7
1759135212052 0.6844882330967501 8
1759135218108 0.687772520641989 9
1759135224116 0.6860955700265982 10
1759135230021 0.6837729744304138 11
1759135235470 0.6853452196852543 12
1759135241600 0.6891382364966157 13
1759135247880 0.6830693731875976 14
1759135253981 0.6880882684080162 15
1759135260043 0.6847413754630249 16
1759135266078 0.6850033032371724 17
1759135272056 0.6884992491829344 18
1759135278112 0.685190866459219 19
1759135284157 0.6855927744650999 20
1759135289438 0.6876729447469427 21
1759135295146 0.6872244773253022 22
1759135300906 0.6870202064766611 23
1759135306457 0.687931339585914 24
1759135312074 0.6863243740956724 25
1759135317487 0.6859243697478992 26
1759135322750 0.6860297016690761 27
1759135328228 0.68478642995254 28
1759135333726 0.6855063622102144 29
1759135339030 0.6852481898281427 30
1759135344637 0.6888977107317719 31
1759135349904 0.6869061110626798 32
1759135355500 0.6860751694393099 33
1759135360944 0.6854010788237341 34
1759135366373 0.6871194783885315 35
1759135371963 0.6869632762266431 36
1759135377441 0.6880045381158092 37
1759135382955 0.6863948813280879 38
1759135388268 0.6880953416554304 39
1759135393758 0.6870879000916991 40
1759135398952 0.6875350805232935 41
1759135404394 0.6890032154340836 42
1759135409636 0.6871685647222464 43
1759135415082 0.6870284950640169 44
1759135421086 0.6861937255911763 45
1759135428355 0.6880175039684242 46
1759135435939 0.6888841293638894 47
1759135442673 0.6889524800554977 48
1759135447989 0.6868033693525057 49
1759135454543 0.6864008878265323 50
1759135459786 0.6893868126229368 51
1759135465246 0.6894046245245117 52
1759135470756 0.6886288476214704 53
1759135476117 0.6892212524362342 54
1759135481620 0.6889723455104131 55
1759135486954 0.6873658064244517 56
1759135492137 0.6884253028263796 57
1759135497796 0.6917468526132847 58
1759135503330 0.6883440243079001 59
1759135508688 0.6890869345888684 60
1759135514237 0.688815569662546 61
1759135519923 0.688940959872798 62
1759135525918 0.6926479882030756 63
1759135531384 0.6899347935127905 64
1759135537215 0.6915794302873587 65
1759135542718 0.6902214481214233 66
1759135548130 0.6927332159919537 67
1759135553901 0.6910481256753387 68
1759135559404 0.6907785524568393 69
1759135565181 0.6914853791439624 70
1759135570548 0.6902880658436213 71
1759135576469 0.6917714427984564 72
1759135581876 0.6918849681844476 73
1759135587479 0.6923935510541546 74
1759135592876 0.6906812522960121 75
1759135598208 0.694197164523574 76
1759135603595 0.6926899383983572 77
1759135609028 0.6930321686304889 78
1759135614822 0.6935346402045538 79
1759135620176 0.6932515337423313 80
1759135625779 0.6922578029995946 81
1759135631668 0.6954786150712831 82
1759135637088 0.6940912795436023 83
1759135642412 0.6946042291177186 84
1759135648127 0.693716425199414 85
1759135653407 0.6934253541590991 86
1759135658977 0.6914216673378977 87
1759135664362 0.693911995177818 88
1759135669702 0.6940380172658371 89
1759135675393 0.6911361804995971 90
1759135680744 0.6917797222445211 91
1759135686131 0.6931840975648895 92
1759135691502 0.6947643979057592 93
1759135696821 0.6950074545674336 94
1759135702168 0.6950717857718987 95
1759135707524 0.692649255237557 96
1759135713218 0.6942049328253459 97
1759135718683 0.6942310769723156 98
1759135723921 0.6959932074556261 99
1759135729311 0.6946693386773547 100
