1759135170823 0.11711445360138956 1
1759135176387 0.35486724336966463 2
1759135181764 0.3887087434858135 3
1759135188001 0.4009116841788392 4
1759135193943 0.40919664132531486 5
1759135199746 0.40928857686951087 6
1759135205693 0.41298792969577186 7
1759135212087 0.4141369909454325 8
1759135218152 0.41804468879960527 9
1759135224151 0.4203531742129441 10
1759135230056 0.42484992321652937 11
1759135235506 0.42229166374732 12
1759135241636 0.42498949432693656 13
1759135247916 0.4265377757967462 14
1759135254016 0.42689502947668406 15
1759135260080 0.42747687506965343 16
1759135266113 0.4315363058738659 17
1759135272091 0.43291353670559163 18
1759135278148 0.4331107848297642 19
1759135284192 0.4332479046893399 20
1759135289474 0.4292938439463383 21
1759135295182 0.43561863656485167 22
1759135300943 0.43229737795483253 23
1759135306492 0.432058459871355 24
1759135312111 0.4336972182201042 25
1759135317525 0.43397715472481824 26
1759135322787 0.4337709822170517 27
1759135328265 0.4320629947458168 28
1759135333762 0.43500864154856556 29
1759135339071 0.43456011507129716 30
1759135344679 0.4335443037974684 31
1759135349942 0.43581907935673897 32
1759135355541 0.4324331821523184 33
1759135360982 0.435459130795274 34
1759135366412 0.4387614425940223 35
1759135372000 0.438842177808408 36
1759135377481 0.4361911085290619 37
1759135382997 0.43793788271638995 38
1759135388309 0.4372098164934778 39
1759135393799 0.43540219707241484 40
1759135398990 0.43905263448123744 41
1759135404432 0.4421061318808286 42
1759135409676 0.43681527430474015 43
1759135415122 0.43919309945710583 44
1759135421123 0.439995597016979 45
1759135428393 0.4412679195443414 46
1759135435981 0.44228706581227134 47
1759135442711 0.4387018401181651 48
1759135448030 0.44301140183581905 49
1759135454586 0.4417553739440972 50
1759135459824 0.4431373087970535 51
1759135465287 0.4432901860554594 52
1759135470794 0.4452119567451996 53
1759135476154 0.4457994765617506 54
1759135481658 0.4434616599596204 55
1759135486994 0.44651989607548204 56
1759135492180 0.4475004442743292 57
1759135497836 0.4472919636004824 58
1759135503372 0.4464302820467205 59
1759135508728 0.44808309984282096 60
1759135514274 0.44988475334488076 61
1759135519966 0.4493968011354332 62
1759135525958 0.44972097603676553 63
1759135531430 0.4503622051540907 64
1759135537260 0.452108951113777 65
1759135542766 0.4529534228681063 66
1759135548181 0.4513988448777291 67
1759135553948 0.4528384101090701 68
1759135559451 0.4530916118846379 69
1759135565233 0.45285897191424446 70
1759135570595 0.4553388438725789 71
1759135576520 0.45378082639229134 72
1759135581927 0.45515704209081403 73
1759135587530 0.4553400301765737 74
1759135592928 0.4580919378417889 75
1759135598257 0.4574625548267948 76
1759135603647 0.4575528639440096 77
1759135609086 0.4600021649707729 78
1759135614870 0.4617380025940338 79
1759135620224 0.459181600227559 80
1759135625827 0.4612745958647886 81
1759135631721 0.4619151324955699 82
1759135637141 0.46086827116901385 83
1759135642461 0.46303822421452007 84
1759135648176 0.4610204330011224 85
1759135653459 0.4633870054211505 86
1759135659030 0.46270567466681034 87
1759135664409 0.4650561525410035 88
1759135669749 0.46249831195138424 89
1759135675442 0.4623906626952572 90
1759135680798 0.463986216365374 91
1759135686179 0.4650893626184324 92
1759135691542 0.4649426603959196 93
1759135696860 0.4649432568671321 94
1759135702209 0.4647243606163968 95
1759135707566 0.4628186109238031 96
1759135713267 0.46587361395198623 97
1759135718727 0.4666478426310624 98
1759135723966 0.4645526919444069 99
1759135729357 0.4663715742596902 100
