1759135170706 0.412021503304821 1
1759135176265 0.3745745506545438 2
1759135181641 0.36633576933901135 3
1759135187873 0.3627552351166375 4
1759135193816 0.360368555992595 5
1759135199615 0.3590202736766819 6
1759135205568 0.35809129010457563 7
1759135211960 0.356855263513716 8
1759135218004 0.35510366790428444 9
1759135224024 0.35487095965029675 10
1759135229933 0.3537293762489536 11
1759135235380 0.3532045959548985 12
1759135241502 0.35278100189311634 13
1759135247790 0.35195460106762816 14
1759135253890 0.3514292202855648 15
1759135259950 0.35058973799523896 16
1759135265988 0.34990814553013394 17
1759135271952 0.35016471986498654 18
1759135278017 0.349135455097095 19
1759135284061 0.34938097353801884 20
1759135289348 0.34925359827504865 21
1759135295056 0.34849751977166016 22
1759135300814 0.3489467033905619 23
1759135306362 0.3483795130346056 24
1759135311984 0.3483740898755678 25
1759135317394 0.3481259230171307 26
1759135322652 0.34802072549370744 27
1759135328134 0.3478602511189679 28
1759135333626 0.34749328167535015 29
1759135338934 0.3475286127672134 30
1759135344538 0.3471498701587772 31
1759135349804 0.3470903764707623 32
1759135355403 0.34712858428183013 33
1759135360841 0.34658396178248174 34
1759135366274 0.3467049896579986 35
1759135371858 0.34630481436807514 36
1759135377339 0.3459008766514726 37
1759135382853 0.3460571062378414 38
1759135388167 0.34561609171790164 39
1759135393655 0.34604608307985835 40
1759135398857 0.34503535262849644 41
1759135404290 0.34516960588089346 42
1759135409539 0.3450936303982081 43
1759135414984 0.3444085997540466 44
1759135420988 0.34404309089839624 45
1759135428254 0.3437505651748608 46
1759135435838 0.343701332862375 47
1759135442565 0.34371635816792556 48
1759135447882 0.34291644990718356 49
1759135454432 0.343063925616546 50
1759135459681 0.3425698563552495 51
1759135465144 0.342144175335806 52
1759135470651 0.342137430456108 53
1759135476012 0.34159054292542407 54
1759135481518 0.341667481815475 55
1759135486853 0.34143082840023725 56
1759135492037 0.3408369664325556 57
1759135497693 0.3405396613157881 58
1759135503228 0.3401575725398814 59
1759135508587 0.3402270635087883 60
1759135514134 0.33976876432728964 61
1759135519824 0.33972194437160336 62
1759135525817 0.339259116772456 63
1759135531284 0.3387776212261265 64
1759135537112 0.33836114074839513 65
1759135542615 0.3381282784106431 66
1759135548029 0.3379424617119414 67
1759135553798 0.33788473668346297 68
1759135559301 0.3375884150981684 69
1759135565078 0.33738748489329873 70
1759135570438 0.33683370046913896 71
1759135576362 0.33683629919326735 72
1759135581771 0.3363519514796925 73
1759135587377 0.33636260848310745 74
1759135592776 0.33571628458530617 75
1759135598102 0.3358129521741051 76
1759135603494 0.33522929315624045 77
1759135608906 0.33489917394154206 78
1759135614719 0.33459379229944786 79
1759135620070 0.334579556056306 80
1759135625671 0.3342938388062927 81
1759135631562 0.3342075820295988 82
1759135636981 0.3337876720640126 83
1759135642309 0.3334351231060449 84
1759135648020 0.333417566069903 85
1759135653292 0.33292159897368656 86
1759135658870 0.3330680320404381 87
1759135664255 0.33288557195509916 88
1759135669599 0.33297683007967177 89
1759135675285 0.3325558901792726 90
1759135680638 0.33249644064640055 91
1759135686017 0.33222822119801443 92
1759135691394 0.3321580220880921 93
1759135696713 0.332244923192641 94
1759135702062 0.33197648736897584 95
1759135707421 0.33215962656068493 96
1759135713104 0.33185341751345165 97
1759135718571 0.3321227709169002 98
1759135723814 0.33187282924380124 99
1759135729208 0.33185397738311523 100
