1759135170739 0.35675595477560396 1
1759135176303 0.3380720169842133 2
1759135181677 0.33425772785178115 3
1759135187909 0.33258496283504213 4
1759135193853 0.3315331818564524 5
1759135199653 0.33088137160573305 6
1759135205604 0.3304445050411405 7
1759135211999 0.3299182188503087 8
1759135218045 0.3291120216224454 9
1759135224063 0.3288799637826233 10
1759135229969 0.3283849208968209 11
1759135235416 0.32827852835382637 12
1759135241543 0.32798361002645804 13
1759135247824 0.3277063423689602 14
1759135253927 0.3273266548845912 15
1759135259988 0.3270451169051697 16
1759135266027 0.326683226085794 17
1759135271996 0.32684718823322767 18
1759135278056 0.32638209529777545 19
1759135284102 0.3264717048839198 20
1759135289386 0.32639541503906394 21
1759135295092 0.32605875075109436 22
1759135300851 0.3262298555293586 23
1759135306403 0.3260218566547599 24
1759135312021 0.3260372706453084 25
1759135317432 0.3258995701197376 26
1759135322692 0.3258809145327409 27
1759135328173 0.3258235807841446 28
1759135333667 0.32560765697985766 29
1759135338973 0.32567337912307476 30
1759135344577 0.32549535524479367 31
1759135349844 0.32541257456812805 32
1759135355443 0.3255080932667248 33
1759135360883 0.32525674279823 34
1759135366315 0.3252420019592883 35
1759135371899 0.3251020624303917 36
1759135377380 0.3249379190426469 37
1759135382896 0.3249587381285965 38
1759135388206 0.3247053218022143 39
1759135393697 0.32498818752022857 40
1759135398896 0.3245488749655461 41
1759135404331 0.3245977232089316 42
1759135409581 0.3245368454165661 43
1759135415024 0.3242459802797518 44
1759135421028 0.3240921853538721 45
1759135428294 0.3239753682890155 46
1759135435878 0.32393553439969425 47
1759135442611 0.32399029323672346 48
1759135447925 0.32361794151529766 49
1759135454480 0.3237203766183266 50
1759135459724 0.323442483485801 51
1759135465186 0.3232834550497485 52
1759135470694 0.32323329025885367 53
1759135476054 0.32305422155290325 54
1759135481558 0.32301729567328274 55
1759135486894 0.3229204172511354 56
1759135492077 0.322672615836966 57
1759135497736 0.3224363626118797 58
1759135503273 0.3224430173981186 59
1759135508628 0.32242934952010377 60
1759135514176 0.3221731920330558 61
1759135519863 0.32215130252056756 62
1759135525857 0.3219716551941295 63
1759135531324 0.3218242281156333 64
1759135537153 0.32165087239043216 65
1759135542656 0.32148742349878023 66
1759135548069 0.32138643267655603 67
1759135553841 0.32138777726589374 68
1759135559343 0.32128350853105264 69
1759135565120 0.3211802846317466 70
1759135570482 0.3209442096740565 71
1759135576404 0.320909084113271 72
1759135581812 0.32075359630352557 73
1759135587418 0.32081070976047654 74
1759135592818 0.32043061753514374 75
1759135598147 0.32048284839063623 76
1759135603536 0.32027715394922557 77
1759135608953 0.32013389213319077 78
1759135614762 0.3199567563856426 79
1759135620115 0.31992849732043677 80
1759135625715 0.3198108815913936 81
1759135631607 0.3197928842817522 82
1759135637022 0.31964201651171137 83
1759135642351 0.31949950762383933 84
1759135648065 0.31947172118720196 85
1759135653339 0.3192568923225617 86
1759135658914 0.31933082786461825 87
1759135664299 0.3192183018334408 88
1759135669641 0.31930121836777803 89
1759135675328 0.31915406347063835 90
1759135680682 0.3190797717419602 91
1759135686062 0.31901033232811055 92
1759135691437 0.31894197573204086 93
1759135696758 0.3188943054750926 94
1759135702106 0.3188597836020996 95
1759135707463 0.318949158943749 96
1759135713150 0.3187820694255366 97
1759135718617 0.31887938734421106 98
1759135723859 0.31885664081620946 99
1759135729250 0.31877425138929943 100
