1759135170773 0.8282388551174252 1
1759135176336 0.8453107194340295 2
1759135181712 0.8481973707387742 3
1759135187946 0.8497611233135738 4
1759135193886 0.8502608051708085 5
1759135199692 0.8505771505192737 6
1759135205639 0.8505232280166944 7
1759135212036 0.8509042803682547 8
1759135218086 0.8516016780682802 9
1759135224098 0.851673574738386 10
1759135230005 0.851900049249219 11
1759135235454 0.8517957990775658 12
1759135241579 0.8524320846080014 13
1759135247864 0.852000704587367 14
1759135253964 0.8525255502791388 15
1759135260024 0.8522595325997476 16
1759135266062 0.8526981022873925 17
1759135272035 0.8531834048106062 18
1759135278094 0.8528778439626569 19
1759135284140 0.8529317664652362 20
1759135289422 0.8527304557889401 21
1759135295130 0.8533379826513335 22
1759135300889 0.8529749044672996 23
1759135306440 0.8530396114703948 24
1759135312056 0.8530503959709106 25
1759135317470 0.8530396114703948 26
1759135322731 0.8530288269698789 27
1759135328211 0.8527304557889401 28
1759135333706 0.8531043184734899 29
1759135339011 0.8530324218033841 30
1759135344616 0.8532876549822594 31
1759135349882 0.8533271981508176 32
1759135355481 0.8528958181301833 33
1759135360923 0.8531402668085427 34
1759135366354 0.8536543279997987 35
1759135371942 0.8536471383327882 36
1759135377422 0.8534745863245344 37
1759135382934 0.8534961553255661 38
1759135388247 0.8535896209967035 39
1759135393738 0.8533020343162806 40
1759135398934 0.8537262246699044 41
1759135404376 0.8541935530255916 42
1759135409618 0.853456612157008 43
1759135415062 0.8536902763348515 44
1759135421067 0.8536902763348515 45
1759135428336 0.8540066216833168 46
1759135435919 0.8542007426926022 47
1759135442652 0.8538304748415577 48
1759135447969 0.8540677338529066 49
1759135454522 0.8538951818446529 50
1759135459766 0.8543409411993084 51
1759135465227 0.8543589153668348 52
1759135470736 0.8544847345395198 53
1759135476097 0.8546069588786995 54
1759135481600 0.8543337515322977 55
1759135486934 0.8544955190400356 56
1759135492118 0.8547076142168476 57
1759135497774 0.8550203647318074 58
1759135503310 0.8545853898776679 59
1759135508670 0.8548370282230379 60
1759135514218 0.8550023905642811 61
1759135519904 0.8549628473957228 62
1759135525898 0.8553726584153255 63
1759135531364 0.8551677529055242 64
1759135537195 0.8555236414225476 65
1759135542699 0.8554769085869788 66
1759135548108 0.8555631845911057 67
1759135553881 0.8555488052570845 68
1759135559384 0.8555488052570845 69
1759135565162 0.8555955380926532 70
1759135570526 0.8557429262663699 71
1759135576448 0.8557249520988436 72
1759135581856 0.8558867196065815 73
1759135587459 0.8559586162766871 74
1759135592858 0.8560844354493722 75
1759135598188 0.8563756169633003 76
1759135603576 0.8562318236230889 77
1759135609001 0.8565373844710382 78
1759135614802 0.8567818331493977 79
1759135620156 0.8564690826344378 80
1759135625756 0.856598496640628 81
1759135631646 0.8570011179932201 82
1759135637067 0.8567422899808396 83
1759135642392 0.857037066328273 84
1759135648106 0.8567207209798078 85
1759135653386 0.8569543851576514 86
1759135658956 0.8566703933107338 87
1759135664341 0.8571916441690003 88
1759135669682 0.8569184368225986 89
1759135675370 0.8566056863076387 90
1759135680724 0.8568501349859982 91
1759135686107 0.8571197474988946 92
1759135691481 0.8572671356726114 93
1759135696800 0.8572922995071484 94
1759135702147 0.8572743253396219 95
1759135707503 0.85681059181744 96
1759135713196 0.85731386850818 97
1759135718661 0.8574037393458122 98
1759135723900 0.8573498168432329 99
1759135729290 0.8574181186798333 100
