1759134397338 0.40170741081237793 1
1759134401152 0.2700573205947876 2
1759134405278 0.22434598207473755 3
1759134409576 0.21245989203453064 4
1759134413631 0.20936110615730286 5
1759134417647 0.20789006352424622 6
1759134422046 0.20714710652828217 7
1759134426319 0.2061966210603714 8
1759134430804 0.20609150826931 9
1759134435183 0.2056884616613388 10
1759134439443 0.2052561640739441 11
1759134443379 0.20538340508937836 12
1759134447592 0.20491287112236023 13
1759134451631 0.20472952723503113 14
1759134455526 0.2044050544500351 15
1759134460183 0.20426559448242188 16
1759134464189 0.20407246053218842 17
1759134468246 0.20395436882972717 18
1759134472249 0.20321442186832428 19
1759134476522 0.20338885486125946 20
1759134480611 0.2030736207962036 21
1759134484640 0.20300953090190887 22
1759134489018 0.20255038142204285 23
1759134492866 0.2022489756345749 24
1759134497429 0.2022990882396698 25
1759134501881 0.20185738801956177 26
1759134506100 0.20199643075466156 27
1759134510007 0.2014486938714981 28
1759134515029 0.20148666203022003 29
1759134520131 0.20125854015350342 30
1759134524930 0.20120863616466522 31
1759134530594 0.20096343755722046 32
1759134536200 0.20091630518436432 33
1759134541412 0.20053838193416595 34
1759134545369 0.20046725869178772 35
1759134549570 0.20047418773174286 36
1759134553787 0.2004181295633316 37
1759134558205 0.20023491978645325 38
1759134562292 0.1997973620891571 39
1759134566389 0.19976089894771576 40
1759134570973 0.19947631657123566 41
1759134574835 0.1993263214826584 42
1759134579366 0.1993492692708969 43
1759134583284 0.1989971548318863 44
1759134587577 0.19901888072490692 45
1759134592268 0.1986335963010788 46
1759134596592 0.19870468974113464 47
1759134600778 0.19826041162014008 48
1759134605086 0.19826076924800873 49
1759134609206 0.19834640622138977 50
1759134613280 0.19805209338665009 51
