1759134397372 0.17136150234741784 1
1759134401186 0.7735849056603774 2
1759134405313 0.6712365694920476 3
1759134409611 0.6480584741891274 4
1759134413664 0.6416410498935918 5
1759134417680 0.6440246357929645 6
1759134422082 0.6411163062536528 7
1759134426357 0.6407279482193132 8
1759134430839 0.6422068885538675 9
1759134435222 0.6420087336244541 10
1759134439479 0.6395355488188526 11
1759134443415 0.6401305151305151 12
1759134447628 0.6400668838469744 13
1759134451665 0.641126127424142 14
1759134455561 0.6431872696425437 15
1759134460218 0.6444008433876068 16
1759134464226 0.6439147389099011 17
1759134468281 0.649311789347696 18
1759134472286 0.6512921751615219 19
1759134476559 0.6497580211507439 20
1759134480648 0.6512668561407753 21
1759134484677 0.652586544545208 22
1759134489057 0.6546679616365182 23
1759134492903 0.6555291826425659 24
1759134497466 0.6563134450471197 25
1759134501917 0.659260391198044 26
1759134506136 0.6574859838852977 27
1759134510044 0.6604790786007474 28
1759134515067 0.6605182926829268 29
1759134520170 0.6629385628926 30
1759134524968 0.6615209219202564 31
1759134530632 0.6628562625173317 32
1759134536238 0.663716541260639 33
1759134541451 0.662729298293807 34
1759134545409 0.665057796360059 35
1759134549608 0.6644821461382985 36
1759134553825 0.6657134071340713 37
1759134558246 0.6654753176930597 38
1759134562331 0.6663296568627451 39
1759134566427 0.6667802490552011 40
1759134571013 0.6656892391337549 41
1759134574874 0.668072919874361 42
1759134579404 0.6692414217571934 43
1759134583322 0.6675037515695342 44
1759134587617 0.6707429768358797 45
1759134592311 0.6696917492155294 46
1759134596636 0.6676495622568094 47
1759134600819 0.6707901037509976 48
1759134605126 0.6708996328029376 49
1759134609244 0.6709689258624908 50
1759134613321 0.6714355888493184 51
