1759134397319 0.4330499348952999 1
1759134401134 0.3570390746346452 2
1759134405261 0.32598330134791076 3
1759134409558 0.32007169976371774 4
1759134413614 0.3187220327412293 5
1759134417629 0.3180406882711106 6
1759134422027 0.31781232674442994 7
1759134426303 0.3172726953653765 8
1759134430787 0.3173112876700624 9
1759134435164 0.3170558712697051 10
1759134439426 0.31704110163633586 11
1759134443361 0.3169915002426435 12
1759134447575 0.3168008486572612 13
1759134451613 0.3165871256243618 14
1759134455508 0.3163619304747265 15
1759134460166 0.31620901341645186 16
1759134464169 0.3162289228502267 17
1759134468228 0.3158525873889537 18
1759134472231 0.3154692728341519 19
1759134476502 0.3154460324047424 20
1759134480593 0.31536969774773205 21
1759134484623 0.31519949340694886 22
1759134488998 0.3148595185981133 23
1759134492845 0.31462199255680867 24
1759134497412 0.31452602228632703 25
1759134501864 0.31448809506273484 26
1759134506080 0.31434617682071114 27
1759134509988 0.31410304419874074 28
1759134515011 0.3139933073392074 29
1759134520112 0.31392900846777316 30
1759134524911 0.3137832638596418 31
1759134530574 0.31370886398122266 32
1759134536181 0.3136038952389999 33
1759134541392 0.31330106106568395 34
1759134545350 0.3132908113309563 35
1759134549549 0.3131878911131832 36
1759134553768 0.31316476687399347 37
1759134558184 0.31287398609586903 38
1759134562273 0.31268066905686603 39
1759134566370 0.31252432966890487 40
1759134570954 0.3123619132130341 41
1759134574816 0.31216691862888085 42
1759134579347 0.312024469965749 43
1759134583265 0.3119828952615321 44
1759134587555 0.3119088303253148 45
1759134592247 0.3115471977332849 46
1759134596573 0.3115989689158922 47
1759134600758 0.3112657252326338 48
1759134605067 0.3112596932016361 49
1759134609185 0.3111254861834763 50
1759134613259 0.3110509057002517 51
