1759134397285 0.5607330792528742 1
1759134401099 0.41263604799614234 2
1759134405225 0.34745896300848794 3
1759134409523 0.3325120560167467 4
1759134413576 0.32877180791076493 5
1759134417592 0.3264468420735177 6
1759134421989 0.3256160382400541 7
1759134426267 0.32390585771816616 8
1759134430751 0.3236238409710281 9
1759134435128 0.3229084971415646 10
1759134439388 0.3226510295096566 11
1759134443321 0.3221252564998234 12
1759134447537 0.321674754295279 13
1759134451576 0.32073789287139387 14
1759134455470 0.3201634769930559 15
1759134460129 0.3198987409910735 16
1759134464130 0.31962585679310207 17
1759134468187 0.3187189837369849 18
1759134472195 0.318047606441028 19
1759134476464 0.3177868611014941 20
1759134480551 0.31751916327458973 21
1759134484584 0.31695127640576926 22
1759134488960 0.3162819966673851 23
1759134492808 0.31583102036486654 24
1759134497375 0.3155925473307862 25
1759134501828 0.315398511093329 26
1759134506041 0.3151090751018594 27
1759134509948 0.3144482506767792 28
1759134514970 0.31427426022641797 29
1759134520069 0.3140267198357512 30
1759134524872 0.313644906396375 31
1759134530532 0.31344336391810107 32
1759134536142 0.313349471810986 33
1759134541350 0.31247568897464695 34
1759134545312 0.31274076189626665 35
1759134549508 0.31242844637702494 36
1759134553729 0.3122966702589217 37
1759134558146 0.31167679893619876 38
1759134562232 0.3113092657397775 39
1759134566329 0.31082917202044935 40
1759134570911 0.3105169678216471 41
1759134574776 0.3101515943074928 42
1759134579307 0.3100482631913003 43
1759134583225 0.3096492741914356 44
1759134587512 0.30948141951333075 45
1759134592204 0.308722949532025 46
1759134596535 0.30875375713495645 47
1759134600718 0.3081828670247513 48
1759134605026 0.30809909192954793 49
1759134609146 0.307943274760071 50
1759134613216 0.30762386826031346 51
