1759134397354 0.8144454789576421 1
1759134401168 0.8267721630472684 2
1759134405296 0.8544667603719933 3
1759134409592 0.8574504721813809 4
1759134413647 0.8569507903241461 5
1759134417662 0.8574684463489074 6
1759134422063 0.8572168080035373 7
1759134426338 0.8573570065102435 8
1759134430821 0.8577632226963409 9
1759134435204 0.8575691016870554 10
1759134439461 0.857576291354066 11
1759134443396 0.857389360011791 12
1759134447610 0.8574289031803493 13
1759134451648 0.8577093001937616 14
1759134455544 0.8576913260262351 15
1759134460201 0.8579501540386157 16
1759134464208 0.8577883865308779 17
1759134468263 0.8583743443922395 18
1759134472268 0.8588632417489585 19
1759134476541 0.8585397067334827 20
1759134480629 0.8584678100633769 21
1759134484658 0.8589099745845271 22
1759134489037 0.8591364490953601 23
1759134492883 0.8592442941005187 24
1759134497448 0.859585803283521 25
1759134501899 0.8599632608015759 26
1759134506117 0.8594563892773306 27
1759134510026 0.860164571477872 28
1759134515048 0.8603515028201468 29
1759134520149 0.8607289603382019 30
1759134524949 0.8601861404789037 31
1759134530612 0.8604988909938637 32
1759134536218 0.8606678481686121 33
1759134541432 0.86082961567635 34
1759134545388 0.8610992281892464 35
1759134549589 0.8611136075232676 36
1759134553806 0.8612430215294579 37
1759134558226 0.8614443322057539 38
1759134562311 0.8615306082098808 39
1759134566408 0.861207073194405 40
1759134570994 0.8614982547083332 41
1759134574856 0.8617391085531874 42
1759134579385 0.8620374797341261 43
1759134583302 0.861821789723809 44
1759134587596 0.862350230249086 45
1759134592290 0.8621561092398006 46
1759134596611 0.8621489195727899 47
1759134600797 0.862501213256308 48
1759134605106 0.8626521962635301 49
1759134609225 0.8626881445985829 50
1759134613300 0.8626450065965194 51
