1759134397404 0.0221274983423321 1
1759134401219 0.06521823472356936 2
1759134405348 0.46267785092376307 3
1759134409661 0.5176616552328127 4
1759134413698 0.5217704815584853 5
1759134417713 0.5231572237789991 6
1759134422118 0.5248752945679869 7
1759134426391 0.5266610998449242 8
1759134430873 0.5282285469005235 9
1759134435258 0.5267834748647391 10
1759134439513 0.5302633294997806 11
1759134443450 0.5277767858205669 12
1759134447663 0.5282165968785687 13
1759134451700 0.5292340627973359 14
1759134455597 0.5262616229671027 15
1759134460254 0.526908111343909 16
1759134464264 0.5261367447654639 17
1759134468316 0.5241735811683998 18
1759134472321 0.5258848675868565 19
1759134476596 0.5250389252996343 20
1759134480681 0.5224921468508569 21
1759134484712 0.524658463327197 22
1759134489096 0.5240206498633465 23
1759134492937 0.5238876931869308 24
1759134497506 0.5258442788123042 25
1759134501952 0.5255003227888961 26
1759134506173 0.5233241483576775 27
1759134510081 0.525754971166624 28
1759134515105 0.5272764885551918 29
1759134520206 0.5276057162366484 30
1759134525011 0.5247155723381115 31
1759134530670 0.5257845341675629 32
1759134536275 0.5262025548560602 33
1759134541491 0.5286827367908448 34
1759134545446 0.5282461388193639 35
1759134549645 0.5290195170118613 36
1759134553867 0.5286884745472973 37
1759134558284 0.5306102565976155 38
1759134562372 0.5303534633063878 39
1759134566467 0.527192348669467 40
1759134571051 0.5308100735544838 41
1759134574911 0.5301095893758171 42
1759134579444 0.5312438929059996 43
1759134583361 0.5314153358527368 44
1759134587662 0.53212937280825 45
1759134592352 0.5317098787294066 46
1759134596674 0.5339054124682459 47
1759134600858 0.5332926606064303 48
1759134605167 0.5343846350707436 49
1759134609283 0.5345972487907106 50
1759134613362 0.5337465984941855 51
