1759134397389 0.011827369017963829 1
1759134401204 0.034044190615063696 2
1759134405330 0.3529983595601191 3
1759134409636 0.4309496324199526 4
1759134413681 0.4396378880855459 5
1759134417697 0.44048848654231726 6
1759134422101 0.44431617959778846 7
1759134426374 0.447070498410191 8
1759134430856 0.448609676570063 9
1759134435241 0.44662494683759646 10
1759134439496 0.4528829211981287 11
1759134443431 0.44897421876582216 12
1759134447647 0.44964254612471394 13
1759134451682 0.4505944063025295 14
1759134455580 0.4453085444640217 15
1759134460237 0.445652834315572 16
1759134464245 0.4447819835145918 17
1759134468298 0.43947586933187516 18
1759134472304 0.4409745428033295 19
1759134476578 0.44048848654231726 20
1759134480664 0.4362354942584604 21
1759134484694 0.4386657755635215 22
1759134489076 0.43684306458472566 23
1759134492920 0.4362759989468781 24
1759134497486 0.43864552321931266 25
1759134501934 0.43686331692893454 26
1759134506156 0.4346355590659619 27
1759134510062 0.43668104583105494 28
1759134515086 0.4387670372845657 29
1759134520188 0.43815946695830044 30
1759134524988 0.43479757781963263 31
1759134530651 0.43568868096482166 32
1759134536256 0.4358912044069101 33
1759134541470 0.4397391498065901 34
1759134545428 0.43811896226988273 35
1759134549626 0.4394353646434575 36
1759134553844 0.43844299977722423 37
1759134558266 0.44119731858962674 38
1759134562351 0.44046823419810843 39
1759134566446 0.4359317090953278 40
1759134571032 0.44137958968750635 41
1759134574892 0.43937460761083097 42
1759134579424 0.4404277295096907 43
1759134583342 0.441420094375924 44
1759134587641 0.4409947951475383 45
1759134592332 0.4408732810822853 46
1759134596655 0.44480223585880063 47
1759134600840 0.442574477995828 48
1759134605146 0.44403264677886467 49
1759134609264 0.4442959272535796 50
1759134613342 0.4429187678473783 51
