1759130412918 0.36239402882754557 1
1759130417241 0.33647554026834614 2
1759130421606 0.3331964132118197 3
1759130426750 0.3311037910526662 4
1759130431886 0.3297836525080463 5
1759130437056 0.32870773386399926 6
1759130442158 0.3281792527715192 7
1759130447334 0.3275421051448198 8
1759130452543 0.32706833043688693 9
1759130457240 0.3266122780054794 10
1759130462319 0.3261461647545345 11
1759130466932 0.3256432709903751 12
1759130471997 0.32525962903813377 13
1759130476927 0.32506162169282266 14
1759130481341 0.32480952430743465 15
1759130486190 0.3246897527930463 16
1759130491011 0.3242686244796646 17
1759130495939 0.32411986302219425 18
1759130500501 0.3236298786000415 19
1759130505376 0.3232268822495314 20
1759130510174 0.32309350688499766 21
1759130515585 0.32296617830800084 22
1759130520392 0.32268994457922956 23
1759130524908 0.3225815236195978 24
1759130530415 0.3223363740884271 25
1759130535442 0.32209619634381575 26
1759130539884 0.32198064514745484 27
1759130544548 0.3219013004298338 28
1759130549736 0.3215609272769174 29
1759130554490 0.3213406553266879 30
1759130559385 0.3215685153765554 31
1759130564258 0.3210867734833342 32
1759130569721 0.3210913910976368 33
1759130575120 0.32081161550403264 34
1759130579485 0.3206346798898621 35
1759130584813 0.3202569029404311 36
1759130590111 0.32018618302723184 37
1759130594727 0.3200870860518815 38
1759130600208 0.3201638435032943 39
1759130604656 0.3198739515468503 40
1759130610006 0.319388312381471 41
1759130615369 0.31960079163872834 42
1759130620761 0.31922154608802905 43
1759130626032 0.3191348501404347 44
1759130631399 0.3193089885014592 45
1759130636689 0.3189053096318153 46
1759130642019 0.3184618053762754 47
1759130647393 0.3183989353992705 48
1759130652712 0.3184566349236468 49
1759130656859 0.3182188788882664 50
1759130662371 0.3184509145739433 51
1759130666990 0.3177101911688511 52
1759130672300 0.31783959017274227 53
1759130677008 0.31741540594736073 54
1759130681669 0.31709154115063376 55
1759130686876 0.3173631867429682 56
1759130692210 0.3170358962634626 57
1759130697506 0.31705537778471243 58
1759130702561 0.31664003753795855 59
1759130707299 0.3166261309269566 60
1759130712055 0.3165531406167557 61
1759130716985 0.31627513382290484 62
1759130722322 0.3163316191265729 63
1759130727661 0.315965085886386 64
1759130732889 0.3158428686576361 65
1759130738186 0.3156762001320214 66
1759130743290 0.3156323446231293 67
1759130747750 0.3153644765994928 68
1759130752413 0.31515448407580066 69
1759130757128 0.3151126721182644 70
1759130761896 0.31490635639888065 71
1759130767169 0.31496817305025976 72
1759130772226 0.31458330717570887 73
1759130777101 0.31443206053130823 74
1759130782328 0.31410497738742277 75
1759130787606 0.3142903066352252 76
1759130792943 0.3140011850922386 77
1759130798451 0.31366586168731814 78
1759130803738 0.3137840592944606 79
1759130808951 0.3137964654422248 80
1759130814351 0.31335079486658457 81
1759130819858 0.3133841167336557 82
1759130824111 0.3136274028334816 83
1759130828760 0.31308396137111266 84
1759130834066 0.31328634034394864 85
1759130838392 0.31346391789017963 86
1759130843339 0.3130803798436892 87
1759130848590 0.312943203874295 88
1759130853992 0.3127853521252796 89
1759130858741 0.3129175257935563 90
1759130864126 0.31267529577822445 91
1759130869662 0.3127128472257602 92
1759130875094 0.3127368387148592 93
1759130880574 0.3126108568974085 94
1759130886093 0.3125746876156486 95
1759130891555 0.3125731144250598 96
1759130897046 0.3126227495393893 97
1759130901607 0.31261223923173775 98
1759130906155 0.3125366547068288 99
1759130910946 0.31250367162454884 100
