1759130412966 0.7153802816901409 1
1759130417290 0.7345777373093558 2
1759130421656 0.7442297952391289 3
1759130426804 0.75134155690292 4
1759130431937 0.7511536607204353 5
1759130437109 0.7549824939402101 6
1759130442210 0.7583625573239816 7
1759130447384 0.7599126232872179 8
1759130452595 0.7594569658626598 9
1759130457292 0.7634069400630915 10
1759130462370 0.7625024260852689 11
1759130466982 0.765520350334879 12
1759130472052 0.7644723360655737 13
1759130476978 0.7723194112710606 14
1759130481395 0.7679314095591528 15
1759130486242 0.7703005832211754 16
1759130491063 0.77088 17
1759130495992 0.7728232358774231 18
1759130500555 0.7735464560911928 19
1759130505432 0.7745314570581182 20
1759130510229 0.7788085321216711 21
1759130515638 0.7797916008841175 22
1759130520446 0.7781216446662035 23
1759130524961 0.7803192157848435 24
1759130530468 0.7826660800703915 25
1759130535496 0.7823901712583767 26
1759130539936 0.7834657988610051 27
1759130544611 0.7856785490931832 28
1759130549792 0.7829563913532426 29
1759130554547 0.7843824302340132 30
1759130559440 0.7836378476800402 31
1759130564316 0.7839861394715674 32
1759130569778 0.7861458917336324 33
1759130575180 0.7882673604658366 34
1759130579541 0.7883450747744407 35
1759130584874 0.7879549074868276 36
1759130590174 0.7892699115044248 37
1759130594786 0.7878120411160059 38
1759130600268 0.7891277641277641 39
1759130604712 0.789051410232673 40
1759130610061 0.7936856219906138 41
1759130615425 0.7919178250707344 42
1759130620821 0.7897758172699256 43
1759130626089 0.7960538335058767 44
1759130631457 0.7930048661800486 45
1759130636749 0.7931748933577087 46
1759130642075 0.7952665579907021 47
1759130647457 0.7948254025692058 48
1759130652770 0.7948702437844051 49
1759130656916 0.7955754352030948 50
1759130662429 0.7993159887626725 51
1759130667048 0.7989786722739561 52
1759130672357 0.7968297974927676 53
1759130677065 0.8016513982642237 54
1759130681725 0.8011333134506412 55
1759130686942 0.7995427746360245 56
1759130692268 0.7996263709774617 57
1759130697563 0.8021905277727628 58
1759130702620 0.8026645955311268 59
1759130707355 0.8011604953041813 60
1759130712112 0.8008008606263447 61
1759130717043 0.8023687043904774 62
1759130722378 0.8043310131477185 63
1759130727722 0.8034493012191496 64
1759130732947 0.8039111426208201 65
1759130738247 0.8066813030321011 66
1759130743351 0.8071909042204893 67
1759130747809 0.8066180394947519 68
1759130752471 0.8100076800378094 69
1759130757193 0.8066627358490566 70
1759130761955 0.810206014681506 71
1759130767228 0.8095350763042707 72
1759130772286 0.811133435764094 73
1759130777160 0.8106438583986695 74
1759130782387 0.8126245457742352 75
1759130787665 0.8095628255398841 76
1759130793004 0.8112931538911644 77
1759130798515 0.8131874561198221 78
1759130803799 0.813231850117096 79
1759130809012 0.8138322792223003 80
1759130814412 0.8134168261146866 81
1759130819917 0.8144707043725684 82
1759130824170 0.8137564282374942 83
1759130828819 0.8136523900352581 84
1759130834127 0.8128968369546222 85
1759130838450 0.8117859640941945 86
1759130843399 0.8159343878148799 87
1759130848652 0.816682156133829 88
1759130854052 0.8171967843411395 89
1759130858802 0.8152142232585252 90
1759130864187 0.8171488202214621 91
1759130869723 0.8158093139244911 92
1759130875157 0.8158094017591891 93
1759130880635 0.8170143529548493 94
1759130886158 0.816819076281977 95
1759130891615 0.816179879462216 96
1759130897107 0.8162542116881608 97
1759130901667 0.8173188912182623 98
1759130906220 0.8163277130772351 99
1759130911008 0.8162274618585298 100
