1759130412884 0.42361044593107405 1
1759130417205 0.3720867096719768 2
1759130421571 0.3655821425495832 3
1759130426713 0.3616075366598373 4
1759130431852 0.3589706569498794 5
1759130437021 0.3569425260571021 6
1759130442124 0.3558791948494389 7
1759130447299 0.3546960084341816 8
1759130452509 0.3536040483123135 9
1759130457205 0.3527877252367295 10
1759130462283 0.351962664309399 11
1759130466894 0.3510351327711437 12
1759130471961 0.35017050425723373 13
1759130476890 0.3498014650053131 14
1759130481306 0.3493823245949118 15
1759130486151 0.34903202343667006 16
1759130490967 0.34830555635082033 17
1759130495905 0.34812872819156965 18
1759130500466 0.3471424306820814 19
1759130505337 0.3464296134711409 20
1759130510138 0.3461980272732202 21
1759130515545 0.34589175661989824 22
1759130520355 0.3453824965912153 23
1759130524873 0.3451455104976152 24
1759130530378 0.34471967295429085 25
1759130535404 0.3442991274205939 26
1759130539846 0.34405760172319283 27
1759130544507 0.3438808602429138 28
1759130549698 0.3433110108590499 29
1759130554454 0.3428270304652673 30
1759130559345 0.3431862921153282 31
1759130564218 0.34228807698726216 32
1759130569683 0.34241107023957684 33
1759130575082 0.3418005587123574 34
1759130579448 0.3414968873177961 35
1759130584773 0.34082571332785877 36
1759130590074 0.34059969451631444 37
1759130594689 0.3404773654280832 38
1759130600170 0.3405393329967351 39
1759130604617 0.34010117549685676 40
1759130609966 0.33928809345810373 41
1759130615329 0.33948047487913413 42
1759130620723 0.338893542568291 43
1759130625994 0.3387347753703759 44
1759130631358 0.33896017569462533 45
1759130636640 0.33828621675031606 46
1759130641981 0.33744812354431747 47
1759130647354 0.33732880237953533 48
1759130652674 0.3373742506058806 49
1759130656822 0.33704955147951154 50
1759130662331 0.3373584081765809 51
1759130666950 0.3360604667400371 52
1759130672260 0.33623765333595906 53
1759130676971 0.33546101846822163 54
1759130681631 0.3349722642879916 55
1759130686824 0.3352673001649079 56
1759130692171 0.3347876348842035 57
1759130697466 0.33482978969346305 58
1759130702520 0.33409786532806934 59
1759130707261 0.33400605044566717 60
1759130712016 0.33379069029626873 61
1759130716947 0.33334535225992806 62
1759130722283 0.3334158237307249 63
1759130727622 0.33279026929621536 64
1759130732846 0.3325375019955657 65
1759130738145 0.332275374832785 66
1759130743251 0.33212474516311036 67
1759130747711 0.3316595060982173 68
1759130752371 0.33131985018148047 69
1759130757088 0.3311961382051729 70
1759130761850 0.3308352096127937 71
1759130767129 0.3308765004014574 72
1759130772186 0.33022669327840304 73
1759130777061 0.32986296851808256 74
1759130782289 0.32938124535548763 75
1759130787565 0.3296651825130589 76
1759130792901 0.32915859424749866 77
1759130798411 0.32850737130850305 78
1759130803696 0.3287136321124838 79
1759130808910 0.3286821209134152 80
1759130814310 0.3280989343459823 81
1759130819817 0.32804989325364137 82
1759130824070 0.3283706833270019 83
1759130828718 0.32755718805862327 84
1759130834027 0.3277663961669778 85
1759130838350 0.3280643979918551 86
1759130843297 0.3273610918343122 87
1759130848546 0.32719371349250054 88
1759130853952 0.32696664087960997 89
1759130858699 0.3270668082809711 90
1759130864084 0.3267759868417624 91
1759130869621 0.32670533953178005 92
1759130875046 0.3267730007971112 93
1759130880532 0.3265554332058695 94
1759130886052 0.3265154678117494 95
1759130891514 0.3265061376422726 96
1759130897005 0.32655102313387363 97
1759130901566 0.32654271947207975 98
1759130906114 0.32641512010222523 99
1759130910903 0.32638324832795623 100
